499
0 10
15 30
30 50
45 70
60 90
75 110
90 130
105 150
120 170
135 190
150 210
165 230
180 250
195 270
210 290
225 310
240 330
255 350
270 370
285 390
300 410
315 430
330 450
345 470
360 490
375 510
390 530
405 550
420 570
435 590
450 610
465 630
480 650
495 670
510 690
525 710
540 730
555 750
570 770
585 790
600 810
615 830
630 850
645 870
660 890
675 910
690 930
705 950
720 970
735 990
750 1010
765 1030
780 1050
795 1070
810 1090
825 1110
840 1130
855 1150
870 1170
885 1190
900 1210
915 1230
930 1250
945 1270
960 1290
975 1310
990 1330
1005 1350
1020 1370
1035 1390
1050 1410
1065 1430
1080 1450
1095 1470
1110 1490
1125 1510
1140 1530
1155 1550
1170 1570
1185 1590
1200 1610
1215 1630
1230 1650
1245 1670
1260 1690
1275 1710
1290 1730
1305 1750
1320 1770
1335 1790
1350 1810
1365 1830
1380 1850
1395 1870
1410 1890
1425 1910
1440 1930
1455 1950
1470 1970
1485 1990
1500 2010
1515 2030
1530 2050
1545 2070
1560 2090
1575 2110
1590 2130
1605 2150
1620 2170
1635 2190
1650 2210
1665 2230
1680 2250
1695 2270
1710 2290
1725 2310
1740 2330
1755 2350
1770 2370
1785 2390
1800 2410
1815 2430
1830 2450
1845 2470
1860 2490
1875 2510
1890 2530
1905 2550
1920 2570
1935 2590
1950 2610
1965 2630
1980 2650
1995 2670
2010 2690
2025 2710
2040 2730
2055 2750
2070 2770
2085 2790
2100 2810
2115 2830
2130 2850
2145 2870
2160 2890
2175 2910
2190 2930
2205 2950
2220 2970
2235 2990
2250 3010
2265 3030
2280 3050
2295 3070
2310 3090
2325 3110
2340 3130
2355 3150
2370 3170
2385 3190
2400 3210
2415 3230
2430 3250
2445 3270
2460 3290
2475 3310
2490 3330
2505 3350
2520 3370
2535 3390
2550 3410
2565 3430
2580 3450
2595 3470
2610 3490
2625 3510
2640 3530
2655 3550
2670 3570
2685 3590
2700 3610
2715 3630
2730 3650
2745 3670
2760 3690
2775 3710
2790 3730
2805 3750
2820 3770
2835 3790
2850 3810
2865 3830
2880 3850
2895 3870
2910 3890
2925 3910
2940 3930
2955 3950
2970 3970
2985 3990
3000 4010
3015 4030
3030 4050
3045 4070
3060 4090
3075 4110
3090 4130
3105 4150
3120 4170
3135 4190
3150 4210
3165 4230
3180 4250
3195 4270
3210 4290
3225 4310
3240 4330
3255 4350
3270 4370
3285 4390
3300 4410
3315 4430
3330 4450
3345 4470
3360 4490
3375 4510
3390 4530
3405 4550
3420 4570
3435 4590
3450 4610
3465 4630
3480 4650
3495 4670
3510 4690
3525 4710
3540 4730
3555 4750
3570 4770
3585 4790
3600 4810
3615 4830
3630 4850
3645 4870
3660 4890
3675 4910
3690 4930
3705 4950
3720 4970
3735 4990
3750 4970
3765 4950
3780 4930
3795 4910
3810 4890
3825 4870
3840 4850
3855 4830
3870 4810
3885 4790
3900 4770
3915 4750
3930 4730
3945 4710
3960 4690
3975 4670
3990 4650
4005 4630
4020 4610
4035 4590
4050 4570
4065 4550
4080 4530
4095 4510
4110 4490
4125 4470
4140 4450
4155 4430
4170 4410
4185 4390
4200 4370
4215 4350
4230 4330
4245 4310
4260 4290
4275 4270
4290 4250
4305 4230
4320 4210
4335 4190
4350 4170
4365 4150
4380 4130
4395 4110
4410 4090
4425 4070
4440 4050
4455 4030
4470 4010
4485 3990
4500 3970
4515 3950
4530 3930
4545 3910
4560 3890
4575 3870
4590 3850
4605 3830
4620 3810
4635 3790
4650 3770
4665 3750
4680 3730
4695 3710
4710 3690
4725 3670
4740 3650
4755 3630
4770 3610
4785 3590
4800 3570
4815 3550
4830 3530
4845 3510
4860 3490
4875 3470
4890 3450
4905 3430
4920 3410
4935 3390
4950 3370
4965 3350
4980 3330
4995 3310
5010 3290
5025 3270
5040 3250
5055 3230
5070 3210
5085 3190
5100 3170
5115 3150
5130 3130
5145 3110
5160 3090
5175 3070
5190 3050
5205 3030
5220 3010
5235 2990
5250 2970
5265 2950
5280 2930
5295 2910
5310 2890
5325 2870
5340 2850
5355 2830
5370 2810
5385 2790
5400 2770
5415 2750
5430 2730
5445 2710
5460 2690
5475 2670
5490 2650
5505 2630
5520 2610
5535 2590
5550 2570
5565 2550
5580 2530
5595 2510
5610 2490
5625 2470
5640 2450
5655 2430
5670 2410
5685 2390
5700 2370
5715 2350
5730 2330
5745 2310
5760 2290
5775 2270
5790 2250
5805 2230
5820 2210
5835 2190
5850 2170
5865 2150
5880 2130
5895 2110
5910 2090
5925 2070
5940 2050
5955 2030
5970 2010
5985 1990
6000 1970
6015 1950
6030 1930
6045 1910
6060 1890
6075 1870
6090 1850
6105 1830
6120 1810
6135 1790
6150 1770
6165 1750
6180 1730
6195 1710
6210 1690
6225 1670
6240 1650
6255 1630
6270 1610
6285 1590
6300 1570
6315 1550
6330 1530
6345 1510
6360 1490
6375 1470
6390 1450
6405 1430
6420 1410
6435 1390
6450 1370
6465 1350
6480 1330
6495 1310
6510 1290
6525 1270
6540 1250
6555 1230
6570 1210
6585 1190
6600 1170
6615 1150
6630 1130
6645 1110
6660 1090
6675 1070
6690 1050
6705 1030
6720 1010
6735 990
6750 970
6765 950
6780 930
6795 910
6810 890
6825 870
6840 850
6855 830
6870 810
6885 790
6900 770
6915 750
6930 730
6945 710
6960 690
6975 670
6990 650
7005 630
7020 610
7035 590
7050 570
7065 550
7080 530
7095 510
7110 490
7125 470
7140 450
7155 430
7170 410
7185 390
7200 370
7215 350
7230 330
7245 310
7260 290
7275 270
7290 250
7305 230
7320 210
7335 190
7350 170
7365 150
7380 130
7395 110
7410 90
7425 70
7440 50
7455 30
7470 10
