4999
0 10
15 30
30 50
45 70
60 90
75 110
90 130
105 150
120 170
135 190
150 210
165 230
180 250
195 270
210 290
225 310
240 330
255 350
270 370
285 390
300 410
315 430
330 450
345 470
360 490
375 510
390 530
405 550
420 570
435 590
450 610
465 630
480 650
495 670
510 690
525 710
540 730
555 750
570 770
585 790
600 810
615 830
630 850
645 870
660 890
675 910
690 930
705 950
720 970
735 990
750 1010
765 1030
780 1050
795 1070
810 1090
825 1110
840 1130
855 1150
870 1170
885 1190
900 1210
915 1230
930 1250
945 1270
960 1290
975 1310
990 1330
1005 1350
1020 1370
1035 1390
1050 1410
1065 1430
1080 1450
1095 1470
1110 1490
1125 1510
1140 1530
1155 1550
1170 1570
1185 1590
1200 1610
1215 1630
1230 1650
1245 1670
1260 1690
1275 1710
1290 1730
1305 1750
1320 1770
1335 1790
1350 1810
1365 1830
1380 1850
1395 1870
1410 1890
1425 1910
1440 1930
1455 1950
1470 1970
1485 1990
1500 2010
1515 2030
1530 2050
1545 2070
1560 2090
1575 2110
1590 2130
1605 2150
1620 2170
1635 2190
1650 2210
1665 2230
1680 2250
1695 2270
1710 2290
1725 2310
1740 2330
1755 2350
1770 2370
1785 2390
1800 2410
1815 2430
1830 2450
1845 2470
1860 2490
1875 2510
1890 2530
1905 2550
1920 2570
1935 2590
1950 2610
1965 2630
1980 2650
1995 2670
2010 2690
2025 2710
2040 2730
2055 2750
2070 2770
2085 2790
2100 2810
2115 2830
2130 2850
2145 2870
2160 2890
2175 2910
2190 2930
2205 2950
2220 2970
2235 2990
2250 3010
2265 3030
2280 3050
2295 3070
2310 3090
2325 3110
2340 3130
2355 3150
2370 3170
2385 3190
2400 3210
2415 3230
2430 3250
2445 3270
2460 3290
2475 3310
2490 3330
2505 3350
2520 3370
2535 3390
2550 3410
2565 3430
2580 3450
2595 3470
2610 3490
2625 3510
2640 3530
2655 3550
2670 3570
2685 3590
2700 3610
2715 3630
2730 3650
2745 3670
2760 3690
2775 3710
2790 3730
2805 3750
2820 3770
2835 3790
2850 3810
2865 3830
2880 3850
2895 3870
2910 3890
2925 3910
2940 3930
2955 3950
2970 3970
2985 3990
3000 4010
3015 4030
3030 4050
3045 4070
3060 4090
3075 4110
3090 4130
3105 4150
3120 4170
3135 4190
3150 4210
3165 4230
3180 4250
3195 4270
3210 4290
3225 4310
3240 4330
3255 4350
3270 4370
3285 4390
3300 4410
3315 4430
3330 4450
3345 4470
3360 4490
3375 4510
3390 4530
3405 4550
3420 4570
3435 4590
3450 4610
3465 4630
3480 4650
3495 4670
3510 4690
3525 4710
3540 4730
3555 4750
3570 4770
3585 4790
3600 4810
3615 4830
3630 4850
3645 4870
3660 4890
3675 4910
3690 4930
3705 4950
3720 4970
3735 4990
3750 5010
3765 5030
3780 5050
3795 5070
3810 5090
3825 5110
3840 5130
3855 5150
3870 5170
3885 5190
3900 5210
3915 5230
3930 5250
3945 5270
3960 5290
3975 5310
3990 5330
4005 5350
4020 5370
4035 5390
4050 5410
4065 5430
4080 5450
4095 5470
4110 5490
4125 5510
4140 5530
4155 5550
4170 5570
4185 5590
4200 5610
4215 5630
4230 5650
4245 5670
4260 5690
4275 5710
4290 5730
4305 5750
4320 5770
4335 5790
4350 5810
4365 5830
4380 5850
4395 5870
4410 5890
4425 5910
4440 5930
4455 5950
4470 5970
4485 5990
4500 6010
4515 6030
4530 6050
4545 6070
4560 6090
4575 6110
4590 6130
4605 6150
4620 6170
4635 6190
4650 6210
4665 6230
4680 6250
4695 6270
4710 6290
4725 6310
4740 6330
4755 6350
4770 6370
4785 6390
4800 6410
4815 6430
4830 6450
4845 6470
4860 6490
4875 6510
4890 6530
4905 6550
4920 6570
4935 6590
4950 6610
4965 6630
4980 6650
4995 6670
5010 6690
5025 6710
5040 6730
5055 6750
5070 6770
5085 6790
5100 6810
5115 6830
5130 6850
5145 6870
5160 6890
5175 6910
5190 6930
5205 6950
5220 6970
5235 6990
5250 7010
5265 7030
5280 7050
5295 7070
5310 7090
5325 7110
5340 7130
5355 7150
5370 7170
5385 7190
5400 7210
5415 7230
5430 7250
5445 7270
5460 7290
5475 7310
5490 7330
5505 7350
5520 7370
5535 7390
5550 7410
5565 7430
5580 7450
5595 7470
5610 7490
5625 7510
5640 7530
5655 7550
5670 7570
5685 7590
5700 7610
5715 7630
5730 7650
5745 7670
5760 7690
5775 7710
5790 7730
5805 7750
5820 7770
5835 7790
5850 7810
5865 7830
5880 7850
5895 7870
5910 7890
5925 7910
5940 7930
5955 7950
5970 7970
5985 7990
6000 8010
6015 8030
6030 8050
6045 8070
6060 8090
6075 8110
6090 8130
6105 8150
6120 8170
6135 8190
6150 8210
6165 8230
6180 8250
6195 8270
6210 8290
6225 8310
6240 8330
6255 8350
6270 8370
6285 8390
6300 8410
6315 8430
6330 8450
6345 8470
6360 8490
6375 8510
6390 8530
6405 8550
6420 8570
6435 8590
6450 8610
6465 8630
6480 8650
6495 8670
6510 8690
6525 8710
6540 8730
6555 8750
6570 8770
6585 8790
6600 8810
6615 8830
6630 8850
6645 8870
6660 8890
6675 8910
6690 8930
6705 8950
6720 8970
6735 8990
6750 9010
6765 9030
6780 9050
6795 9070
6810 9090
6825 9110
6840 9130
6855 9150
6870 9170
6885 9190
6900 9210
6915 9230
6930 9250
6945 9270
6960 9290
6975 9310
6990 9330
7005 9350
7020 9370
7035 9390
7050 9410
7065 9430
7080 9450
7095 9470
7110 9490
7125 9510
7140 9530
7155 9550
7170 9570
7185 9590
7200 9610
7215 9630
7230 9650
7245 9670
7260 9690
7275 9710
7290 9730
7305 9750
7320 9770
7335 9790
7350 9810
7365 9830
7380 9850
7395 9870
7410 9890
7425 9910
7440 9930
7455 9950
7470 9970
7485 9990
7500 10010
7515 10030
7530 10050
7545 10070
7560 10090
7575 10110
7590 10130
7605 10150
7620 10170
7635 10190
7650 10210
7665 10230
7680 10250
7695 10270
7710 10290
7725 10310
7740 10330
7755 10350
7770 10370
7785 10390
7800 10410
7815 10430
7830 10450
7845 10470
7860 10490
7875 10510
7890 10530
7905 10550
7920 10570
7935 10590
7950 10610
7965 10630
7980 10650
7995 10670
8010 10690
8025 10710
8040 10730
8055 10750
8070 10770
8085 10790
8100 10810
8115 10830
8130 10850
8145 10870
8160 10890
8175 10910
8190 10930
8205 10950
8220 10970
8235 10990
8250 11010
8265 11030
8280 11050
8295 11070
8310 11090
8325 11110
8340 11130
8355 11150
8370 11170
8385 11190
8400 11210
8415 11230
8430 11250
8445 11270
8460 11290
8475 11310
8490 11330
8505 11350
8520 11370
8535 11390
8550 11410
8565 11430
8580 11450
8595 11470
8610 11490
8625 11510
8640 11530
8655 11550
8670 11570
8685 11590
8700 11610
8715 11630
8730 11650
8745 11670
8760 11690
8775 11710
8790 11730
8805 11750
8820 11770
8835 11790
8850 11810
8865 11830
8880 11850
8895 11870
8910 11890
8925 11910
8940 11930
8955 11950
8970 11970
8985 11990
9000 12010
9015 12030
9030 12050
9045 12070
9060 12090
9075 12110
9090 12130
9105 12150
9120 12170
9135 12190
9150 12210
9165 12230
9180 12250
9195 12270
9210 12290
9225 12310
9240 12330
9255 12350
9270 12370
9285 12390
9300 12410
9315 12430
9330 12450
9345 12470
9360 12490
9375 12510
9390 12530
9405 12550
9420 12570
9435 12590
9450 12610
9465 12630
9480 12650
9495 12670
9510 12690
9525 12710
9540 12730
9555 12750
9570 12770
9585 12790
9600 12810
9615 12830
9630 12850
9645 12870
9660 12890
9675 12910
9690 12930
9705 12950
9720 12970
9735 12990
9750 13010
9765 13030
9780 13050
9795 13070
9810 13090
9825 13110
9840 13130
9855 13150
9870 13170
9885 13190
9900 13210
9915 13230
9930 13250
9945 13270
9960 13290
9975 13310
9990 13330
10005 13350
10020 13370
10035 13390
10050 13410
10065 13430
10080 13450
10095 13470
10110 13490
10125 13510
10140 13530
10155 13550
10170 13570
10185 13590
10200 13610
10215 13630
10230 13650
10245 13670
10260 13690
10275 13710
10290 13730
10305 13750
10320 13770
10335 13790
10350 13810
10365 13830
10380 13850
10395 13870
10410 13890
10425 13910
10440 13930
10455 13950
10470 13970
10485 13990
10500 14010
10515 14030
10530 14050
10545 14070
10560 14090
10575 14110
10590 14130
10605 14150
10620 14170
10635 14190
10650 14210
10665 14230
10680 14250
10695 14270
10710 14290
10725 14310
10740 14330
10755 14350
10770 14370
10785 14390
10800 14410
10815 14430
10830 14450
10845 14470
10860 14490
10875 14510
10890 14530
10905 14550
10920 14570
10935 14590
10950 14610
10965 14630
10980 14650
10995 14670
11010 14690
11025 14710
11040 14730
11055 14750
11070 14770
11085 14790
11100 14810
11115 14830
11130 14850
11145 14870
11160 14890
11175 14910
11190 14930
11205 14950
11220 14970
11235 14990
11250 15010
11265 15030
11280 15050
11295 15070
11310 15090
11325 15110
11340 15130
11355 15150
11370 15170
11385 15190
11400 15210
11415 15230
11430 15250
11445 15270
11460 15290
11475 15310
11490 15330
11505 15350
11520 15370
11535 15390
11550 15410
11565 15430
11580 15450
11595 15470
11610 15490
11625 15510
11640 15530
11655 15550
11670 15570
11685 15590
11700 15610
11715 15630
11730 15650
11745 15670
11760 15690
11775 15710
11790 15730
11805 15750
11820 15770
11835 15790
11850 15810
11865 15830
11880 15850
11895 15870
11910 15890
11925 15910
11940 15930
11955 15950
11970 15970
11985 15990
12000 16010
12015 16030
12030 16050
12045 16070
12060 16090
12075 16110
12090 16130
12105 16150
12120 16170
12135 16190
12150 16210
12165 16230
12180 16250
12195 16270
12210 16290
12225 16310
12240 16330
12255 16350
12270 16370
12285 16390
12300 16410
12315 16430
12330 16450
12345 16470
12360 16490
12375 16510
12390 16530
12405 16550
12420 16570
12435 16590
12450 16610
12465 16630
12480 16650
12495 16670
12510 16690
12525 16710
12540 16730
12555 16750
12570 16770
12585 16790
12600 16810
12615 16830
12630 16850
12645 16870
12660 16890
12675 16910
12690 16930
12705 16950
12720 16970
12735 16990
12750 17010
12765 17030
12780 17050
12795 17070
12810 17090
12825 17110
12840 17130
12855 17150
12870 17170
12885 17190
12900 17210
12915 17230
12930 17250
12945 17270
12960 17290
12975 17310
12990 17330
13005 17350
13020 17370
13035 17390
13050 17410
13065 17430
13080 17450
13095 17470
13110 17490
13125 17510
13140 17530
13155 17550
13170 17570
13185 17590
13200 17610
13215 17630
13230 17650
13245 17670
13260 17690
13275 17710
13290 17730
13305 17750
13320 17770
13335 17790
13350 17810
13365 17830
13380 17850
13395 17870
13410 17890
13425 17910
13440 17930
13455 17950
13470 17970
13485 17990
13500 18010
13515 18030
13530 18050
13545 18070
13560 18090
13575 18110
13590 18130
13605 18150
13620 18170
13635 18190
13650 18210
13665 18230
13680 18250
13695 18270
13710 18290
13725 18310
13740 18330
13755 18350
13770 18370
13785 18390
13800 18410
13815 18430
13830 18450
13845 18470
13860 18490
13875 18510
13890 18530
13905 18550
13920 18570
13935 18590
13950 18610
13965 18630
13980 18650
13995 18670
14010 18690
14025 18710
14040 18730
14055 18750
14070 18770
14085 18790
14100 18810
14115 18830
14130 18850
14145 18870
14160 18890
14175 18910
14190 18930
14205 18950
14220 18970
14235 18990
14250 19010
14265 19030
14280 19050
14295 19070
14310 19090
14325 19110
14340 19130
14355 19150
14370 19170
14385 19190
14400 19210
14415 19230
14430 19250
14445 19270
14460 19290
14475 19310
14490 19330
14505 19350
14520 19370
14535 19390
14550 19410
14565 19430
14580 19450
14595 19470
14610 19490
14625 19510
14640 19530
14655 19550
14670 19570
14685 19590
14700 19610
14715 19630
14730 19650
14745 19670
14760 19690
14775 19710
14790 19730
14805 19750
14820 19770
14835 19790
14850 19810
14865 19830
14880 19850
14895 19870
14910 19890
14925 19910
14940 19930
14955 19950
14970 19970
14985 19990
15000 20010
15015 20030
15030 20050
15045 20070
15060 20090
15075 20110
15090 20130
15105 20150
15120 20170
15135 20190
15150 20210
15165 20230
15180 20250
15195 20270
15210 20290
15225 20310
15240 20330
15255 20350
15270 20370
15285 20390
15300 20410
15315 20430
15330 20450
15345 20470
15360 20490
15375 20510
15390 20530
15405 20550
15420 20570
15435 20590
15450 20610
15465 20630
15480 20650
15495 20670
15510 20690
15525 20710
15540 20730
15555 20750
15570 20770
15585 20790
15600 20810
15615 20830
15630 20850
15645 20870
15660 20890
15675 20910
15690 20930
15705 20950
15720 20970
15735 20990
15750 21010
15765 21030
15780 21050
15795 21070
15810 21090
15825 21110
15840 21130
15855 21150
15870 21170
15885 21190
15900 21210
15915 21230
15930 21250
15945 21270
15960 21290
15975 21310
15990 21330
16005 21350
16020 21370
16035 21390
16050 21410
16065 21430
16080 21450
16095 21470
16110 21490
16125 21510
16140 21530
16155 21550
16170 21570
16185 21590
16200 21610
16215 21630
16230 21650
16245 21670
16260 21690
16275 21710
16290 21730
16305 21750
16320 21770
16335 21790
16350 21810
16365 21830
16380 21850
16395 21870
16410 21890
16425 21910
16440 21930
16455 21950
16470 21970
16485 21990
16500 22010
16515 22030
16530 22050
16545 22070
16560 22090
16575 22110
16590 22130
16605 22150
16620 22170
16635 22190
16650 22210
16665 22230
16680 22250
16695 22270
16710 22290
16725 22310
16740 22330
16755 22350
16770 22370
16785 22390
16800 22410
16815 22430
16830 22450
16845 22470
16860 22490
16875 22510
16890 22530
16905 22550
16920 22570
16935 22590
16950 22610
16965 22630
16980 22650
16995 22670
17010 22690
17025 22710
17040 22730
17055 22750
17070 22770
17085 22790
17100 22810
17115 22830
17130 22850
17145 22870
17160 22890
17175 22910
17190 22930
17205 22950
17220 22970
17235 22990
17250 23010
17265 23030
17280 23050
17295 23070
17310 23090
17325 23110
17340 23130
17355 23150
17370 23170
17385 23190
17400 23210
17415 23230
17430 23250
17445 23270
17460 23290
17475 23310
17490 23330
17505 23350
17520 23370
17535 23390
17550 23410
17565 23430
17580 23450
17595 23470
17610 23490
17625 23510
17640 23530
17655 23550
17670 23570
17685 23590
17700 23610
17715 23630
17730 23650
17745 23670
17760 23690
17775 23710
17790 23730
17805 23750
17820 23770
17835 23790
17850 23810
17865 23830
17880 23850
17895 23870
17910 23890
17925 23910
17940 23930
17955 23950
17970 23970
17985 23990
18000 24010
18015 24030
18030 24050
18045 24070
18060 24090
18075 24110
18090 24130
18105 24150
18120 24170
18135 24190
18150 24210
18165 24230
18180 24250
18195 24270
18210 24290
18225 24310
18240 24330
18255 24350
18270 24370
18285 24390
18300 24410
18315 24430
18330 24450
18345 24470
18360 24490
18375 24510
18390 24530
18405 24550
18420 24570
18435 24590
18450 24610
18465 24630
18480 24650
18495 24670
18510 24690
18525 24710
18540 24730
18555 24750
18570 24770
18585 24790
18600 24810
18615 24830
18630 24850
18645 24870
18660 24890
18675 24910
18690 24930
18705 24950
18720 24970
18735 24990
18750 25010
18765 25030
18780 25050
18795 25070
18810 25090
18825 25110
18840 25130
18855 25150
18870 25170
18885 25190
18900 25210
18915 25230
18930 25250
18945 25270
18960 25290
18975 25310
18990 25330
19005 25350
19020 25370
19035 25390
19050 25410
19065 25430
19080 25450
19095 25470
19110 25490
19125 25510
19140 25530
19155 25550
19170 25570
19185 25590
19200 25610
19215 25630
19230 25650
19245 25670
19260 25690
19275 25710
19290 25730
19305 25750
19320 25770
19335 25790
19350 25810
19365 25830
19380 25850
19395 25870
19410 25890
19425 25910
19440 25930
19455 25950
19470 25970
19485 25990
19500 26010
19515 26030
19530 26050
19545 26070
19560 26090
19575 26110
19590 26130
19605 26150
19620 26170
19635 26190
19650 26210
19665 26230
19680 26250
19695 26270
19710 26290
19725 26310
19740 26330
19755 26350
19770 26370
19785 26390
19800 26410
19815 26430
19830 26450
19845 26470
19860 26490
19875 26510
19890 26530
19905 26550
19920 26570
19935 26590
19950 26610
19965 26630
19980 26650
19995 26670
20010 26690
20025 26710
20040 26730
20055 26750
20070 26770
20085 26790
20100 26810
20115 26830
20130 26850
20145 26870
20160 26890
20175 26910
20190 26930
20205 26950
20220 26970
20235 26990
20250 27010
20265 27030
20280 27050
20295 27070
20310 27090
20325 27110
20340 27130
20355 27150
20370 27170
20385 27190
20400 27210
20415 27230
20430 27250
20445 27270
20460 27290
20475 27310
20490 27330
20505 27350
20520 27370
20535 27390
20550 27410
20565 27430
20580 27450
20595 27470
20610 27490
20625 27510
20640 27530
20655 27550
20670 27570
20685 27590
20700 27610
20715 27630
20730 27650
20745 27670
20760 27690
20775 27710
20790 27730
20805 27750
20820 27770
20835 27790
20850 27810
20865 27830
20880 27850
20895 27870
20910 27890
20925 27910
20940 27930
20955 27950
20970 27970
20985 27990
21000 28010
21015 28030
21030 28050
21045 28070
21060 28090
21075 28110
21090 28130
21105 28150
21120 28170
21135 28190
21150 28210
21165 28230
21180 28250
21195 28270
21210 28290
21225 28310
21240 28330
21255 28350
21270 28370
21285 28390
21300 28410
21315 28430
21330 28450
21345 28470
21360 28490
21375 28510
21390 28530
21405 28550
21420 28570
21435 28590
21450 28610
21465 28630
21480 28650
21495 28670
21510 28690
21525 28710
21540 28730
21555 28750
21570 28770
21585 28790
21600 28810
21615 28830
21630 28850
21645 28870
21660 28890
21675 28910
21690 28930
21705 28950
21720 28970
21735 28990
21750 29010
21765 29030
21780 29050
21795 29070
21810 29090
21825 29110
21840 29130
21855 29150
21870 29170
21885 29190
21900 29210
21915 29230
21930 29250
21945 29270
21960 29290
21975 29310
21990 29330
22005 29350
22020 29370
22035 29390
22050 29410
22065 29430
22080 29450
22095 29470
22110 29490
22125 29510
22140 29530
22155 29550
22170 29570
22185 29590
22200 29610
22215 29630
22230 29650
22245 29670
22260 29690
22275 29710
22290 29730
22305 29750
22320 29770
22335 29790
22350 29810
22365 29830
22380 29850
22395 29870
22410 29890
22425 29910
22440 29930
22455 29950
22470 29970
22485 29990
22500 30010
22515 30030
22530 30050
22545 30070
22560 30090
22575 30110
22590 30130
22605 30150
22620 30170
22635 30190
22650 30210
22665 30230
22680 30250
22695 30270
22710 30290
22725 30310
22740 30330
22755 30350
22770 30370
22785 30390
22800 30410
22815 30430
22830 30450
22845 30470
22860 30490
22875 30510
22890 30530
22905 30550
22920 30570
22935 30590
22950 30610
22965 30630
22980 30650
22995 30670
23010 30690
23025 30710
23040 30730
23055 30750
23070 30770
23085 30790
23100 30810
23115 30830
23130 30850
23145 30870
23160 30890
23175 30910
23190 30930
23205 30950
23220 30970
23235 30990
23250 31010
23265 31030
23280 31050
23295 31070
23310 31090
23325 31110
23340 31130
23355 31150
23370 31170
23385 31190
23400 31210
23415 31230
23430 31250
23445 31270
23460 31290
23475 31310
23490 31330
23505 31350
23520 31370
23535 31390
23550 31410
23565 31430
23580 31450
23595 31470
23610 31490
23625 31510
23640 31530
23655 31550
23670 31570
23685 31590
23700 31610
23715 31630
23730 31650
23745 31670
23760 31690
23775 31710
23790 31730
23805 31750
23820 31770
23835 31790
23850 31810
23865 31830
23880 31850
23895 31870
23910 31890
23925 31910
23940 31930
23955 31950
23970 31970
23985 31990
24000 32010
24015 32030
24030 32050
24045 32070
24060 32090
24075 32110
24090 32130
24105 32150
24120 32170
24135 32190
24150 32210
24165 32230
24180 32250
24195 32270
24210 32290
24225 32310
24240 32330
24255 32350
24270 32370
24285 32390
24300 32410
24315 32430
24330 32450
24345 32470
24360 32490
24375 32510
24390 32530
24405 32550
24420 32570
24435 32590
24450 32610
24465 32630
24480 32650
24495 32670
24510 32690
24525 32710
24540 32730
24555 32750
24570 32770
24585 32790
24600 32810
24615 32830
24630 32850
24645 32870
24660 32890
24675 32910
24690 32930
24705 32950
24720 32970
24735 32990
24750 33010
24765 33030
24780 33050
24795 33070
24810 33090
24825 33110
24840 33130
24855 33150
24870 33170
24885 33190
24900 33210
24915 33230
24930 33250
24945 33270
24960 33290
24975 33310
24990 33330
25005 33350
25020 33370
25035 33390
25050 33410
25065 33430
25080 33450
25095 33470
25110 33490
25125 33510
25140 33530
25155 33550
25170 33570
25185 33590
25200 33610
25215 33630
25230 33650
25245 33670
25260 33690
25275 33710
25290 33730
25305 33750
25320 33770
25335 33790
25350 33810
25365 33830
25380 33850
25395 33870
25410 33890
25425 33910
25440 33930
25455 33950
25470 33970
25485 33990
25500 34010
25515 34030
25530 34050
25545 34070
25560 34090
25575 34110
25590 34130
25605 34150
25620 34170
25635 34190
25650 34210
25665 34230
25680 34250
25695 34270
25710 34290
25725 34310
25740 34330
25755 34350
25770 34370
25785 34390
25800 34410
25815 34430
25830 34450
25845 34470
25860 34490
25875 34510
25890 34530
25905 34550
25920 34570
25935 34590
25950 34610
25965 34630
25980 34650
25995 34670
26010 34690
26025 34710
26040 34730
26055 34750
26070 34770
26085 34790
26100 34810
26115 34830
26130 34850
26145 34870
26160 34890
26175 34910
26190 34930
26205 34950
26220 34970
26235 34990
26250 35010
26265 35030
26280 35050
26295 35070
26310 35090
26325 35110
26340 35130
26355 35150
26370 35170
26385 35190
26400 35210
26415 35230
26430 35250
26445 35270
26460 35290
26475 35310
26490 35330
26505 35350
26520 35370
26535 35390
26550 35410
26565 35430
26580 35450
26595 35470
26610 35490
26625 35510
26640 35530
26655 35550
26670 35570
26685 35590
26700 35610
26715 35630
26730 35650
26745 35670
26760 35690
26775 35710
26790 35730
26805 35750
26820 35770
26835 35790
26850 35810
26865 35830
26880 35850
26895 35870
26910 35890
26925 35910
26940 35930
26955 35950
26970 35970
26985 35990
27000 36010
27015 36030
27030 36050
27045 36070
27060 36090
27075 36110
27090 36130
27105 36150
27120 36170
27135 36190
27150 36210
27165 36230
27180 36250
27195 36270
27210 36290
27225 36310
27240 36330
27255 36350
27270 36370
27285 36390
27300 36410
27315 36430
27330 36450
27345 36470
27360 36490
27375 36510
27390 36530
27405 36550
27420 36570
27435 36590
27450 36610
27465 36630
27480 36650
27495 36670
27510 36690
27525 36710
27540 36730
27555 36750
27570 36770
27585 36790
27600 36810
27615 36830
27630 36850
27645 36870
27660 36890
27675 36910
27690 36930
27705 36950
27720 36970
27735 36990
27750 37010
27765 37030
27780 37050
27795 37070
27810 37090
27825 37110
27840 37130
27855 37150
27870 37170
27885 37190
27900 37210
27915 37230
27930 37250
27945 37270
27960 37290
27975 37310
27990 37330
28005 37350
28020 37370
28035 37390
28050 37410
28065 37430
28080 37450
28095 37470
28110 37490
28125 37510
28140 37530
28155 37550
28170 37570
28185 37590
28200 37610
28215 37630
28230 37650
28245 37670
28260 37690
28275 37710
28290 37730
28305 37750
28320 37770
28335 37790
28350 37810
28365 37830
28380 37850
28395 37870
28410 37890
28425 37910
28440 37930
28455 37950
28470 37970
28485 37990
28500 38010
28515 38030
28530 38050
28545 38070
28560 38090
28575 38110
28590 38130
28605 38150
28620 38170
28635 38190
28650 38210
28665 38230
28680 38250
28695 38270
28710 38290
28725 38310
28740 38330
28755 38350
28770 38370
28785 38390
28800 38410
28815 38430
28830 38450
28845 38470
28860 38490
28875 38510
28890 38530
28905 38550
28920 38570
28935 38590
28950 38610
28965 38630
28980 38650
28995 38670
29010 38690
29025 38710
29040 38730
29055 38750
29070 38770
29085 38790
29100 38810
29115 38830
29130 38850
29145 38870
29160 38890
29175 38910
29190 38930
29205 38950
29220 38970
29235 38990
29250 39010
29265 39030
29280 39050
29295 39070
29310 39090
29325 39110
29340 39130
29355 39150
29370 39170
29385 39190
29400 39210
29415 39230
29430 39250
29445 39270
29460 39290
29475 39310
29490 39330
29505 39350
29520 39370
29535 39390
29550 39410
29565 39430
29580 39450
29595 39470
29610 39490
29625 39510
29640 39530
29655 39550
29670 39570
29685 39590
29700 39610
29715 39630
29730 39650
29745 39670
29760 39690
29775 39710
29790 39730
29805 39750
29820 39770
29835 39790
29850 39810
29865 39830
29880 39850
29895 39870
29910 39890
29925 39910
29940 39930
29955 39950
29970 39970
29985 39990
30000 40010
30015 40030
30030 40050
30045 40070
30060 40090
30075 40110
30090 40130
30105 40150
30120 40170
30135 40190
30150 40210
30165 40230
30180 40250
30195 40270
30210 40290
30225 40310
30240 40330
30255 40350
30270 40370
30285 40390
30300 40410
30315 40430
30330 40450
30345 40470
30360 40490
30375 40510
30390 40530
30405 40550
30420 40570
30435 40590
30450 40610
30465 40630
30480 40650
30495 40670
30510 40690
30525 40710
30540 40730
30555 40750
30570 40770
30585 40790
30600 40810
30615 40830
30630 40850
30645 40870
30660 40890
30675 40910
30690 40930
30705 40950
30720 40970
30735 40990
30750 41010
30765 41030
30780 41050
30795 41070
30810 41090
30825 41110
30840 41130
30855 41150
30870 41170
30885 41190
30900 41210
30915 41230
30930 41250
30945 41270
30960 41290
30975 41310
30990 41330
31005 41350
31020 41370
31035 41390
31050 41410
31065 41430
31080 41450
31095 41470
31110 41490
31125 41510
31140 41530
31155 41550
31170 41570
31185 41590
31200 41610
31215 41630
31230 41650
31245 41670
31260 41690
31275 41710
31290 41730
31305 41750
31320 41770
31335 41790
31350 41810
31365 41830
31380 41850
31395 41870
31410 41890
31425 41910
31440 41930
31455 41950
31470 41970
31485 41990
31500 42010
31515 42030
31530 42050
31545 42070
31560 42090
31575 42110
31590 42130
31605 42150
31620 42170
31635 42190
31650 42210
31665 42230
31680 42250
31695 42270
31710 42290
31725 42310
31740 42330
31755 42350
31770 42370
31785 42390
31800 42410
31815 42430
31830 42450
31845 42470
31860 42490
31875 42510
31890 42530
31905 42550
31920 42570
31935 42590
31950 42610
31965 42630
31980 42650
31995 42670
32010 42690
32025 42710
32040 42730
32055 42750
32070 42770
32085 42790
32100 42810
32115 42830
32130 42850
32145 42870
32160 42890
32175 42910
32190 42930
32205 42950
32220 42970
32235 42990
32250 43010
32265 43030
32280 43050
32295 43070
32310 43090
32325 43110
32340 43130
32355 43150
32370 43170
32385 43190
32400 43210
32415 43230
32430 43250
32445 43270
32460 43290
32475 43310
32490 43330
32505 43350
32520 43370
32535 43390
32550 43410
32565 43430
32580 43450
32595 43470
32610 43490
32625 43510
32640 43530
32655 43550
32670 43570
32685 43590
32700 43610
32715 43630
32730 43650
32745 43670
32760 43690
32775 43710
32790 43730
32805 43750
32820 43770
32835 43790
32850 43810
32865 43830
32880 43850
32895 43870
32910 43890
32925 43910
32940 43930
32955 43950
32970 43970
32985 43990
33000 44010
33015 44030
33030 44050
33045 44070
33060 44090
33075 44110
33090 44130
33105 44150
33120 44170
33135 44190
33150 44210
33165 44230
33180 44250
33195 44270
33210 44290
33225 44310
33240 44330
33255 44350
33270 44370
33285 44390
33300 44410
33315 44430
33330 44450
33345 44470
33360 44490
33375 44510
33390 44530
33405 44550
33420 44570
33435 44590
33450 44610
33465 44630
33480 44650
33495 44670
33510 44690
33525 44710
33540 44730
33555 44750
33570 44770
33585 44790
33600 44810
33615 44830
33630 44850
33645 44870
33660 44890
33675 44910
33690 44930
33705 44950
33720 44970
33735 44990
33750 45010
33765 45030
33780 45050
33795 45070
33810 45090
33825 45110
33840 45130
33855 45150
33870 45170
33885 45190
33900 45210
33915 45230
33930 45250
33945 45270
33960 45290
33975 45310
33990 45330
34005 45350
34020 45370
34035 45390
34050 45410
34065 45430
34080 45450
34095 45470
34110 45490
34125 45510
34140 45530
34155 45550
34170 45570
34185 45590
34200 45610
34215 45630
34230 45650
34245 45670
34260 45690
34275 45710
34290 45730
34305 45750
34320 45770
34335 45790
34350 45810
34365 45830
34380 45850
34395 45870
34410 45890
34425 45910
34440 45930
34455 45950
34470 45970
34485 45990
34500 46010
34515 46030
34530 46050
34545 46070
34560 46090
34575 46110
34590 46130
34605 46150
34620 46170
34635 46190
34650 46210
34665 46230
34680 46250
34695 46270
34710 46290
34725 46310
34740 46330
34755 46350
34770 46370
34785 46390
34800 46410
34815 46430
34830 46450
34845 46470
34860 46490
34875 46510
34890 46530
34905 46550
34920 46570
34935 46590
34950 46610
34965 46630
34980 46650
34995 46670
35010 46690
35025 46710
35040 46730
35055 46750
35070 46770
35085 46790
35100 46810
35115 46830
35130 46850
35145 46870
35160 46890
35175 46910
35190 46930
35205 46950
35220 46970
35235 46990
35250 47010
35265 47030
35280 47050
35295 47070
35310 47090
35325 47110
35340 47130
35355 47150
35370 47170
35385 47190
35400 47210
35415 47230
35430 47250
35445 47270
35460 47290
35475 47310
35490 47330
35505 47350
35520 47370
35535 47390
35550 47410
35565 47430
35580 47450
35595 47470
35610 47490
35625 47510
35640 47530
35655 47550
35670 47570
35685 47590
35700 47610
35715 47630
35730 47650
35745 47670
35760 47690
35775 47710
35790 47730
35805 47750
35820 47770
35835 47790
35850 47810
35865 47830
35880 47850
35895 47870
35910 47890
35925 47910
35940 47930
35955 47950
35970 47970
35985 47990
36000 48010
36015 48030
36030 48050
36045 48070
36060 48090
36075 48110
36090 48130
36105 48150
36120 48170
36135 48190
36150 48210
36165 48230
36180 48250
36195 48270
36210 48290
36225 48310
36240 48330
36255 48350
36270 48370
36285 48390
36300 48410
36315 48430
36330 48450
36345 48470
36360 48490
36375 48510
36390 48530
36405 48550
36420 48570
36435 48590
36450 48610
36465 48630
36480 48650
36495 48670
36510 48690
36525 48710
36540 48730
36555 48750
36570 48770
36585 48790
36600 48810
36615 48830
36630 48850
36645 48870
36660 48890
36675 48910
36690 48930
36705 48950
36720 48970
36735 48990
36750 49010
36765 49030
36780 49050
36795 49070
36810 49090
36825 49110
36840 49130
36855 49150
36870 49170
36885 49190
36900 49210
36915 49230
36930 49250
36945 49270
36960 49290
36975 49310
36990 49330
37005 49350
37020 49370
37035 49390
37050 49410
37065 49430
37080 49450
37095 49470
37110 49490
37125 49510
37140 49530
37155 49550
37170 49570
37185 49590
37200 49610
37215 49630
37230 49650
37245 49670
37260 49690
37275 49710
37290 49730
37305 49750
37320 49770
37335 49790
37350 49810
37365 49830
37380 49850
37395 49870
37410 49890
37425 49910
37440 49930
37455 49950
37470 49970
37485 49990
37500 49970
37515 49950
37530 49930
37545 49910
37560 49890
37575 49870
37590 49850
37605 49830
37620 49810
37635 49790
37650 49770
37665 49750
37680 49730
37695 49710
37710 49690
37725 49670
37740 49650
37755 49630
37770 49610
37785 49590
37800 49570
37815 49550
37830 49530
37845 49510
37860 49490
37875 49470
37890 49450
37905 49430
37920 49410
37935 49390
37950 49370
37965 49350
37980 49330
37995 49310
38010 49290
38025 49270
38040 49250
38055 49230
38070 49210
38085 49190
38100 49170
38115 49150
38130 49130
38145 49110
38160 49090
38175 49070
38190 49050
38205 49030
38220 49010
38235 48990
38250 48970
38265 48950
38280 48930
38295 48910
38310 48890
38325 48870
38340 48850
38355 48830
38370 48810
38385 48790
38400 48770
38415 48750
38430 48730
38445 48710
38460 48690
38475 48670
38490 48650
38505 48630
38520 48610
38535 48590
38550 48570
38565 48550
38580 48530
38595 48510
38610 48490
38625 48470
38640 48450
38655 48430
38670 48410
38685 48390
38700 48370
38715 48350
38730 48330
38745 48310
38760 48290
38775 48270
38790 48250
38805 48230
38820 48210
38835 48190
38850 48170
38865 48150
38880 48130
38895 48110
38910 48090
38925 48070
38940 48050
38955 48030
38970 48010
38985 47990
39000 47970
39015 47950
39030 47930
39045 47910
39060 47890
39075 47870
39090 47850
39105 47830
39120 47810
39135 47790
39150 47770
39165 47750
39180 47730
39195 47710
39210 47690
39225 47670
39240 47650
39255 47630
39270 47610
39285 47590
39300 47570
39315 47550
39330 47530
39345 47510
39360 47490
39375 47470
39390 47450
39405 47430
39420 47410
39435 47390
39450 47370
39465 47350
39480 47330
39495 47310
39510 47290
39525 47270
39540 47250
39555 47230
39570 47210
39585 47190
39600 47170
39615 47150
39630 47130
39645 47110
39660 47090
39675 47070
39690 47050
39705 47030
39720 47010
39735 46990
39750 46970
39765 46950
39780 46930
39795 46910
39810 46890
39825 46870
39840 46850
39855 46830
39870 46810
39885 46790
39900 46770
39915 46750
39930 46730
39945 46710
39960 46690
39975 46670
39990 46650
40005 46630
40020 46610
40035 46590
40050 46570
40065 46550
40080 46530
40095 46510
40110 46490
40125 46470
40140 46450
40155 46430
40170 46410
40185 46390
40200 46370
40215 46350
40230 46330
40245 46310
40260 46290
40275 46270
40290 46250
40305 46230
40320 46210
40335 46190
40350 46170
40365 46150
40380 46130
40395 46110
40410 46090
40425 46070
40440 46050
40455 46030
40470 46010
40485 45990
40500 45970
40515 45950
40530 45930
40545 45910
40560 45890
40575 45870
40590 45850
40605 45830
40620 45810
40635 45790
40650 45770
40665 45750
40680 45730
40695 45710
40710 45690
40725 45670
40740 45650
40755 45630
40770 45610
40785 45590
40800 45570
40815 45550
40830 45530
40845 45510
40860 45490
40875 45470
40890 45450
40905 45430
40920 45410
40935 45390
40950 45370
40965 45350
40980 45330
40995 45310
41010 45290
41025 45270
41040 45250
41055 45230
41070 45210
41085 45190
41100 45170
41115 45150
41130 45130
41145 45110
41160 45090
41175 45070
41190 45050
41205 45030
41220 45010
41235 44990
41250 44970
41265 44950
41280 44930
41295 44910
41310 44890
41325 44870
41340 44850
41355 44830
41370 44810
41385 44790
41400 44770
41415 44750
41430 44730
41445 44710
41460 44690
41475 44670
41490 44650
41505 44630
41520 44610
41535 44590
41550 44570
41565 44550
41580 44530
41595 44510
41610 44490
41625 44470
41640 44450
41655 44430
41670 44410
41685 44390
41700 44370
41715 44350
41730 44330
41745 44310
41760 44290
41775 44270
41790 44250
41805 44230
41820 44210
41835 44190
41850 44170
41865 44150
41880 44130
41895 44110
41910 44090
41925 44070
41940 44050
41955 44030
41970 44010
41985 43990
42000 43970
42015 43950
42030 43930
42045 43910
42060 43890
42075 43870
42090 43850
42105 43830
42120 43810
42135 43790
42150 43770
42165 43750
42180 43730
42195 43710
42210 43690
42225 43670
42240 43650
42255 43630
42270 43610
42285 43590
42300 43570
42315 43550
42330 43530
42345 43510
42360 43490
42375 43470
42390 43450
42405 43430
42420 43410
42435 43390
42450 43370
42465 43350
42480 43330
42495 43310
42510 43290
42525 43270
42540 43250
42555 43230
42570 43210
42585 43190
42600 43170
42615 43150
42630 43130
42645 43110
42660 43090
42675 43070
42690 43050
42705 43030
42720 43010
42735 42990
42750 42970
42765 42950
42780 42930
42795 42910
42810 42890
42825 42870
42840 42850
42855 42830
42870 42810
42885 42790
42900 42770
42915 42750
42930 42730
42945 42710
42960 42690
42975 42670
42990 42650
43005 42630
43020 42610
43035 42590
43050 42570
43065 42550
43080 42530
43095 42510
43110 42490
43125 42470
43140 42450
43155 42430
43170 42410
43185 42390
43200 42370
43215 42350
43230 42330
43245 42310
43260 42290
43275 42270
43290 42250
43305 42230
43320 42210
43335 42190
43350 42170
43365 42150
43380 42130
43395 42110
43410 42090
43425 42070
43440 42050
43455 42030
43470 42010
43485 41990
43500 41970
43515 41950
43530 41930
43545 41910
43560 41890
43575 41870
43590 41850
43605 41830
43620 41810
43635 41790
43650 41770
43665 41750
43680 41730
43695 41710
43710 41690
43725 41670
43740 41650
43755 41630
43770 41610
43785 41590
43800 41570
43815 41550
43830 41530
43845 41510
43860 41490
43875 41470
43890 41450
43905 41430
43920 41410
43935 41390
43950 41370
43965 41350
43980 41330
43995 41310
44010 41290
44025 41270
44040 41250
44055 41230
44070 41210
44085 41190
44100 41170
44115 41150
44130 41130
44145 41110
44160 41090
44175 41070
44190 41050
44205 41030
44220 41010
44235 40990
44250 40970
44265 40950
44280 40930
44295 40910
44310 40890
44325 40870
44340 40850
44355 40830
44370 40810
44385 40790
44400 40770
44415 40750
44430 40730
44445 40710
44460 40690
44475 40670
44490 40650
44505 40630
44520 40610
44535 40590
44550 40570
44565 40550
44580 40530
44595 40510
44610 40490
44625 40470
44640 40450
44655 40430
44670 40410
44685 40390
44700 40370
44715 40350
44730 40330
44745 40310
44760 40290
44775 40270
44790 40250
44805 40230
44820 40210
44835 40190
44850 40170
44865 40150
44880 40130
44895 40110
44910 40090
44925 40070
44940 40050
44955 40030
44970 40010
44985 39990
45000 39970
45015 39950
45030 39930
45045 39910
45060 39890
45075 39870
45090 39850
45105 39830
45120 39810
45135 39790
45150 39770
45165 39750
45180 39730
45195 39710
45210 39690
45225 39670
45240 39650
45255 39630
45270 39610
45285 39590
45300 39570
45315 39550
45330 39530
45345 39510
45360 39490
45375 39470
45390 39450
45405 39430
45420 39410
45435 39390
45450 39370
45465 39350
45480 39330
45495 39310
45510 39290
45525 39270
45540 39250
45555 39230
45570 39210
45585 39190
45600 39170
45615 39150
45630 39130
45645 39110
45660 39090
45675 39070
45690 39050
45705 39030
45720 39010
45735 38990
45750 38970
45765 38950
45780 38930
45795 38910
45810 38890
45825 38870
45840 38850
45855 38830
45870 38810
45885 38790
45900 38770
45915 38750
45930 38730
45945 38710
45960 38690
45975 38670
45990 38650
46005 38630
46020 38610
46035 38590
46050 38570
46065 38550
46080 38530
46095 38510
46110 38490
46125 38470
46140 38450
46155 38430
46170 38410
46185 38390
46200 38370
46215 38350
46230 38330
46245 38310
46260 38290
46275 38270
46290 38250
46305 38230
46320 38210
46335 38190
46350 38170
46365 38150
46380 38130
46395 38110
46410 38090
46425 38070
46440 38050
46455 38030
46470 38010
46485 37990
46500 37970
46515 37950
46530 37930
46545 37910
46560 37890
46575 37870
46590 37850
46605 37830
46620 37810
46635 37790
46650 37770
46665 37750
46680 37730
46695 37710
46710 37690
46725 37670
46740 37650
46755 37630
46770 37610
46785 37590
46800 37570
46815 37550
46830 37530
46845 37510
46860 37490
46875 37470
46890 37450
46905 37430
46920 37410
46935 37390
46950 37370
46965 37350
46980 37330
46995 37310
47010 37290
47025 37270
47040 37250
47055 37230
47070 37210
47085 37190
47100 37170
47115 37150
47130 37130
47145 37110
47160 37090
47175 37070
47190 37050
47205 37030
47220 37010
47235 36990
47250 36970
47265 36950
47280 36930
47295 36910
47310 36890
47325 36870
47340 36850
47355 36830
47370 36810
47385 36790
47400 36770
47415 36750
47430 36730
47445 36710
47460 36690
47475 36670
47490 36650
47505 36630
47520 36610
47535 36590
47550 36570
47565 36550
47580 36530
47595 36510
47610 36490
47625 36470
47640 36450
47655 36430
47670 36410
47685 36390
47700 36370
47715 36350
47730 36330
47745 36310
47760 36290
47775 36270
47790 36250
47805 36230
47820 36210
47835 36190
47850 36170
47865 36150
47880 36130
47895 36110
47910 36090
47925 36070
47940 36050
47955 36030
47970 36010
47985 35990
48000 35970
48015 35950
48030 35930
48045 35910
48060 35890
48075 35870
48090 35850
48105 35830
48120 35810
48135 35790
48150 35770
48165 35750
48180 35730
48195 35710
48210 35690
48225 35670
48240 35650
48255 35630
48270 35610
48285 35590
48300 35570
48315 35550
48330 35530
48345 35510
48360 35490
48375 35470
48390 35450
48405 35430
48420 35410
48435 35390
48450 35370
48465 35350
48480 35330
48495 35310
48510 35290
48525 35270
48540 35250
48555 35230
48570 35210
48585 35190
48600 35170
48615 35150
48630 35130
48645 35110
48660 35090
48675 35070
48690 35050
48705 35030
48720 35010
48735 34990
48750 34970
48765 34950
48780 34930
48795 34910
48810 34890
48825 34870
48840 34850
48855 34830
48870 34810
48885 34790
48900 34770
48915 34750
48930 34730
48945 34710
48960 34690
48975 34670
48990 34650
49005 34630
49020 34610
49035 34590
49050 34570
49065 34550
49080 34530
49095 34510
49110 34490
49125 34470
49140 34450
49155 34430
49170 34410
49185 34390
49200 34370
49215 34350
49230 34330
49245 34310
49260 34290
49275 34270
49290 34250
49305 34230
49320 34210
49335 34190
49350 34170
49365 34150
49380 34130
49395 34110
49410 34090
49425 34070
49440 34050
49455 34030
49470 34010
49485 33990
49500 33970
49515 33950
49530 33930
49545 33910
49560 33890
49575 33870
49590 33850
49605 33830
49620 33810
49635 33790
49650 33770
49665 33750
49680 33730
49695 33710
49710 33690
49725 33670
49740 33650
49755 33630
49770 33610
49785 33590
49800 33570
49815 33550
49830 33530
49845 33510
49860 33490
49875 33470
49890 33450
49905 33430
49920 33410
49935 33390
49950 33370
49965 33350
49980 33330
49995 33310
50010 33290
50025 33270
50040 33250
50055 33230
50070 33210
50085 33190
50100 33170
50115 33150
50130 33130
50145 33110
50160 33090
50175 33070
50190 33050
50205 33030
50220 33010
50235 32990
50250 32970
50265 32950
50280 32930
50295 32910
50310 32890
50325 32870
50340 32850
50355 32830
50370 32810
50385 32790
50400 32770
50415 32750
50430 32730
50445 32710
50460 32690
50475 32670
50490 32650
50505 32630
50520 32610
50535 32590
50550 32570
50565 32550
50580 32530
50595 32510
50610 32490
50625 32470
50640 32450
50655 32430
50670 32410
50685 32390
50700 32370
50715 32350
50730 32330
50745 32310
50760 32290
50775 32270
50790 32250
50805 32230
50820 32210
50835 32190
50850 32170
50865 32150
50880 32130
50895 32110
50910 32090
50925 32070
50940 32050
50955 32030
50970 32010
50985 31990
51000 31970
51015 31950
51030 31930
51045 31910
51060 31890
51075 31870
51090 31850
51105 31830
51120 31810
51135 31790
51150 31770
51165 31750
51180 31730
51195 31710
51210 31690
51225 31670
51240 31650
51255 31630
51270 31610
51285 31590
51300 31570
51315 31550
51330 31530
51345 31510
51360 31490
51375 31470
51390 31450
51405 31430
51420 31410
51435 31390
51450 31370
51465 31350
51480 31330
51495 31310
51510 31290
51525 31270
51540 31250
51555 31230
51570 31210
51585 31190
51600 31170
51615 31150
51630 31130
51645 31110
51660 31090
51675 31070
51690 31050
51705 31030
51720 31010
51735 30990
51750 30970
51765 30950
51780 30930
51795 30910
51810 30890
51825 30870
51840 30850
51855 30830
51870 30810
51885 30790
51900 30770
51915 30750
51930 30730
51945 30710
51960 30690
51975 30670
51990 30650
52005 30630
52020 30610
52035 30590
52050 30570
52065 30550
52080 30530
52095 30510
52110 30490
52125 30470
52140 30450
52155 30430
52170 30410
52185 30390
52200 30370
52215 30350
52230 30330
52245 30310
52260 30290
52275 30270
52290 30250
52305 30230
52320 30210
52335 30190
52350 30170
52365 30150
52380 30130
52395 30110
52410 30090
52425 30070
52440 30050
52455 30030
52470 30010
52485 29990
52500 29970
52515 29950
52530 29930
52545 29910
52560 29890
52575 29870
52590 29850
52605 29830
52620 29810
52635 29790
52650 29770
52665 29750
52680 29730
52695 29710
52710 29690
52725 29670
52740 29650
52755 29630
52770 29610
52785 29590
52800 29570
52815 29550
52830 29530
52845 29510
52860 29490
52875 29470
52890 29450
52905 29430
52920 29410
52935 29390
52950 29370
52965 29350
52980 29330
52995 29310
53010 29290
53025 29270
53040 29250
53055 29230
53070 29210
53085 29190
53100 29170
53115 29150
53130 29130
53145 29110
53160 29090
53175 29070
53190 29050
53205 29030
53220 29010
53235 28990
53250 28970
53265 28950
53280 28930
53295 28910
53310 28890
53325 28870
53340 28850
53355 28830
53370 28810
53385 28790
53400 28770
53415 28750
53430 28730
53445 28710
53460 28690
53475 28670
53490 28650
53505 28630
53520 28610
53535 28590
53550 28570
53565 28550
53580 28530
53595 28510
53610 28490
53625 28470
53640 28450
53655 28430
53670 28410
53685 28390
53700 28370
53715 28350
53730 28330
53745 28310
53760 28290
53775 28270
53790 28250
53805 28230
53820 28210
53835 28190
53850 28170
53865 28150
53880 28130
53895 28110
53910 28090
53925 28070
53940 28050
53955 28030
53970 28010
53985 27990
54000 27970
54015 27950
54030 27930
54045 27910
54060 27890
54075 27870
54090 27850
54105 27830
54120 27810
54135 27790
54150 27770
54165 27750
54180 27730
54195 27710
54210 27690
54225 27670
54240 27650
54255 27630
54270 27610
54285 27590
54300 27570
54315 27550
54330 27530
54345 27510
54360 27490
54375 27470
54390 27450
54405 27430
54420 27410
54435 27390
54450 27370
54465 27350
54480 27330
54495 27310
54510 27290
54525 27270
54540 27250
54555 27230
54570 27210
54585 27190
54600 27170
54615 27150
54630 27130
54645 27110
54660 27090
54675 27070
54690 27050
54705 27030
54720 27010
54735 26990
54750 26970
54765 26950
54780 26930
54795 26910
54810 26890
54825 26870
54840 26850
54855 26830
54870 26810
54885 26790
54900 26770
54915 26750
54930 26730
54945 26710
54960 26690
54975 26670
54990 26650
55005 26630
55020 26610
55035 26590
55050 26570
55065 26550
55080 26530
55095 26510
55110 26490
55125 26470
55140 26450
55155 26430
55170 26410
55185 26390
55200 26370
55215 26350
55230 26330
55245 26310
55260 26290
55275 26270
55290 26250
55305 26230
55320 26210
55335 26190
55350 26170
55365 26150
55380 26130
55395 26110
55410 26090
55425 26070
55440 26050
55455 26030
55470 26010
55485 25990
55500 25970
55515 25950
55530 25930
55545 25910
55560 25890
55575 25870
55590 25850
55605 25830
55620 25810
55635 25790
55650 25770
55665 25750
55680 25730
55695 25710
55710 25690
55725 25670
55740 25650
55755 25630
55770 25610
55785 25590
55800 25570
55815 25550
55830 25530
55845 25510
55860 25490
55875 25470
55890 25450
55905 25430
55920 25410
55935 25390
55950 25370
55965 25350
55980 25330
55995 25310
56010 25290
56025 25270
56040 25250
56055 25230
56070 25210
56085 25190
56100 25170
56115 25150
56130 25130
56145 25110
56160 25090
56175 25070
56190 25050
56205 25030
56220 25010
56235 24990
56250 24970
56265 24950
56280 24930
56295 24910
56310 24890
56325 24870
56340 24850
56355 24830
56370 24810
56385 24790
56400 24770
56415 24750
56430 24730
56445 24710
56460 24690
56475 24670
56490 24650
56505 24630
56520 24610
56535 24590
56550 24570
56565 24550
56580 24530
56595 24510
56610 24490
56625 24470
56640 24450
56655 24430
56670 24410
56685 24390
56700 24370
56715 24350
56730 24330
56745 24310
56760 24290
56775 24270
56790 24250
56805 24230
56820 24210
56835 24190
56850 24170
56865 24150
56880 24130
56895 24110
56910 24090
56925 24070
56940 24050
56955 24030
56970 24010
56985 23990
57000 23970
57015 23950
57030 23930
57045 23910
57060 23890
57075 23870
57090 23850
57105 23830
57120 23810
57135 23790
57150 23770
57165 23750
57180 23730
57195 23710
57210 23690
57225 23670
57240 23650
57255 23630
57270 23610
57285 23590
57300 23570
57315 23550
57330 23530
57345 23510
57360 23490
57375 23470
57390 23450
57405 23430
57420 23410
57435 23390
57450 23370
57465 23350
57480 23330
57495 23310
57510 23290
57525 23270
57540 23250
57555 23230
57570 23210
57585 23190
57600 23170
57615 23150
57630 23130
57645 23110
57660 23090
57675 23070
57690 23050
57705 23030
57720 23010
57735 22990
57750 22970
57765 22950
57780 22930
57795 22910
57810 22890
57825 22870
57840 22850
57855 22830
57870 22810
57885 22790
57900 22770
57915 22750
57930 22730
57945 22710
57960 22690
57975 22670
57990 22650
58005 22630
58020 22610
58035 22590
58050 22570
58065 22550
58080 22530
58095 22510
58110 22490
58125 22470
58140 22450
58155 22430
58170 22410
58185 22390
58200 22370
58215 22350
58230 22330
58245 22310
58260 22290
58275 22270
58290 22250
58305 22230
58320 22210
58335 22190
58350 22170
58365 22150
58380 22130
58395 22110
58410 22090
58425 22070
58440 22050
58455 22030
58470 22010
58485 21990
58500 21970
58515 21950
58530 21930
58545 21910
58560 21890
58575 21870
58590 21850
58605 21830
58620 21810
58635 21790
58650 21770
58665 21750
58680 21730
58695 21710
58710 21690
58725 21670
58740 21650
58755 21630
58770 21610
58785 21590
58800 21570
58815 21550
58830 21530
58845 21510
58860 21490
58875 21470
58890 21450
58905 21430
58920 21410
58935 21390
58950 21370
58965 21350
58980 21330
58995 21310
59010 21290
59025 21270
59040 21250
59055 21230
59070 21210
59085 21190
59100 21170
59115 21150
59130 21130
59145 21110
59160 21090
59175 21070
59190 21050
59205 21030
59220 21010
59235 20990
59250 20970
59265 20950
59280 20930
59295 20910
59310 20890
59325 20870
59340 20850
59355 20830
59370 20810
59385 20790
59400 20770
59415 20750
59430 20730
59445 20710
59460 20690
59475 20670
59490 20650
59505 20630
59520 20610
59535 20590
59550 20570
59565 20550
59580 20530
59595 20510
59610 20490
59625 20470
59640 20450
59655 20430
59670 20410
59685 20390
59700 20370
59715 20350
59730 20330
59745 20310
59760 20290
59775 20270
59790 20250
59805 20230
59820 20210
59835 20190
59850 20170
59865 20150
59880 20130
59895 20110
59910 20090
59925 20070
59940 20050
59955 20030
59970 20010
59985 19990
60000 19970
60015 19950
60030 19930
60045 19910
60060 19890
60075 19870
60090 19850
60105 19830
60120 19810
60135 19790
60150 19770
60165 19750
60180 19730
60195 19710
60210 19690
60225 19670
60240 19650
60255 19630
60270 19610
60285 19590
60300 19570
60315 19550
60330 19530
60345 19510
60360 19490
60375 19470
60390 19450
60405 19430
60420 19410
60435 19390
60450 19370
60465 19350
60480 19330
60495 19310
60510 19290
60525 19270
60540 19250
60555 19230
60570 19210
60585 19190
60600 19170
60615 19150
60630 19130
60645 19110
60660 19090
60675 19070
60690 19050
60705 19030
60720 19010
60735 18990
60750 18970
60765 18950
60780 18930
60795 18910
60810 18890
60825 18870
60840 18850
60855 18830
60870 18810
60885 18790
60900 18770
60915 18750
60930 18730
60945 18710
60960 18690
60975 18670
60990 18650
61005 18630
61020 18610
61035 18590
61050 18570
61065 18550
61080 18530
61095 18510
61110 18490
61125 18470
61140 18450
61155 18430
61170 18410
61185 18390
61200 18370
61215 18350
61230 18330
61245 18310
61260 18290
61275 18270
61290 18250
61305 18230
61320 18210
61335 18190
61350 18170
61365 18150
61380 18130
61395 18110
61410 18090
61425 18070
61440 18050
61455 18030
61470 18010
61485 17990
61500 17970
61515 17950
61530 17930
61545 17910
61560 17890
61575 17870
61590 17850
61605 17830
61620 17810
61635 17790
61650 17770
61665 17750
61680 17730
61695 17710
61710 17690
61725 17670
61740 17650
61755 17630
61770 17610
61785 17590
61800 17570
61815 17550
61830 17530
61845 17510
61860 17490
61875 17470
61890 17450
61905 17430
61920 17410
61935 17390
61950 17370
61965 17350
61980 17330
61995 17310
62010 17290
62025 17270
62040 17250
62055 17230
62070 17210
62085 17190
62100 17170
62115 17150
62130 17130
62145 17110
62160 17090
62175 17070
62190 17050
62205 17030
62220 17010
62235 16990
62250 16970
62265 16950
62280 16930
62295 16910
62310 16890
62325 16870
62340 16850
62355 16830
62370 16810
62385 16790
62400 16770
62415 16750
62430 16730
62445 16710
62460 16690
62475 16670
62490 16650
62505 16630
62520 16610
62535 16590
62550 16570
62565 16550
62580 16530
62595 16510
62610 16490
62625 16470
62640 16450
62655 16430
62670 16410
62685 16390
62700 16370
62715 16350
62730 16330
62745 16310
62760 16290
62775 16270
62790 16250
62805 16230
62820 16210
62835 16190
62850 16170
62865 16150
62880 16130
62895 16110
62910 16090
62925 16070
62940 16050
62955 16030
62970 16010
62985 15990
63000 15970
63015 15950
63030 15930
63045 15910
63060 15890
63075 15870
63090 15850
63105 15830
63120 15810
63135 15790
63150 15770
63165 15750
63180 15730
63195 15710
63210 15690
63225 15670
63240 15650
63255 15630
63270 15610
63285 15590
63300 15570
63315 15550
63330 15530
63345 15510
63360 15490
63375 15470
63390 15450
63405 15430
63420 15410
63435 15390
63450 15370
63465 15350
63480 15330
63495 15310
63510 15290
63525 15270
63540 15250
63555 15230
63570 15210
63585 15190
63600 15170
63615 15150
63630 15130
63645 15110
63660 15090
63675 15070
63690 15050
63705 15030
63720 15010
63735 14990
63750 14970
63765 14950
63780 14930
63795 14910
63810 14890
63825 14870
63840 14850
63855 14830
63870 14810
63885 14790
63900 14770
63915 14750
63930 14730
63945 14710
63960 14690
63975 14670
63990 14650
64005 14630
64020 14610
64035 14590
64050 14570
64065 14550
64080 14530
64095 14510
64110 14490
64125 14470
64140 14450
64155 14430
64170 14410
64185 14390
64200 14370
64215 14350
64230 14330
64245 14310
64260 14290
64275 14270
64290 14250
64305 14230
64320 14210
64335 14190
64350 14170
64365 14150
64380 14130
64395 14110
64410 14090
64425 14070
64440 14050
64455 14030
64470 14010
64485 13990
64500 13970
64515 13950
64530 13930
64545 13910
64560 13890
64575 13870
64590 13850
64605 13830
64620 13810
64635 13790
64650 13770
64665 13750
64680 13730
64695 13710
64710 13690
64725 13670
64740 13650
64755 13630
64770 13610
64785 13590
64800 13570
64815 13550
64830 13530
64845 13510
64860 13490
64875 13470
64890 13450
64905 13430
64920 13410
64935 13390
64950 13370
64965 13350
64980 13330
64995 13310
65010 13290
65025 13270
65040 13250
65055 13230
65070 13210
65085 13190
65100 13170
65115 13150
65130 13130
65145 13110
65160 13090
65175 13070
65190 13050
65205 13030
65220 13010
65235 12990
65250 12970
65265 12950
65280 12930
65295 12910
65310 12890
65325 12870
65340 12850
65355 12830
65370 12810
65385 12790
65400 12770
65415 12750
65430 12730
65445 12710
65460 12690
65475 12670
65490 12650
65505 12630
65520 12610
65535 12590
65550 12570
65565 12550
65580 12530
65595 12510
65610 12490
65625 12470
65640 12450
65655 12430
65670 12410
65685 12390
65700 12370
65715 12350
65730 12330
65745 12310
65760 12290
65775 12270
65790 12250
65805 12230
65820 12210
65835 12190
65850 12170
65865 12150
65880 12130
65895 12110
65910 12090
65925 12070
65940 12050
65955 12030
65970 12010
65985 11990
66000 11970
66015 11950
66030 11930
66045 11910
66060 11890
66075 11870
66090 11850
66105 11830
66120 11810
66135 11790
66150 11770
66165 11750
66180 11730
66195 11710
66210 11690
66225 11670
66240 11650
66255 11630
66270 11610
66285 11590
66300 11570
66315 11550
66330 11530
66345 11510
66360 11490
66375 11470
66390 11450
66405 11430
66420 11410
66435 11390
66450 11370
66465 11350
66480 11330
66495 11310
66510 11290
66525 11270
66540 11250
66555 11230
66570 11210
66585 11190
66600 11170
66615 11150
66630 11130
66645 11110
66660 11090
66675 11070
66690 11050
66705 11030
66720 11010
66735 10990
66750 10970
66765 10950
66780 10930
66795 10910
66810 10890
66825 10870
66840 10850
66855 10830
66870 10810
66885 10790
66900 10770
66915 10750
66930 10730
66945 10710
66960 10690
66975 10670
66990 10650
67005 10630
67020 10610
67035 10590
67050 10570
67065 10550
67080 10530
67095 10510
67110 10490
67125 10470
67140 10450
67155 10430
67170 10410
67185 10390
67200 10370
67215 10350
67230 10330
67245 10310
67260 10290
67275 10270
67290 10250
67305 10230
67320 10210
67335 10190
67350 10170
67365 10150
67380 10130
67395 10110
67410 10090
67425 10070
67440 10050
67455 10030
67470 10010
67485 9990
67500 9970
67515 9950
67530 9930
67545 9910
67560 9890
67575 9870
67590 9850
67605 9830
67620 9810
67635 9790
67650 9770
67665 9750
67680 9730
67695 9710
67710 9690
67725 9670
67740 9650
67755 9630
67770 9610
67785 9590
67800 9570
67815 9550
67830 9530
67845 9510
67860 9490
67875 9470
67890 9450
67905 9430
67920 9410
67935 9390
67950 9370
67965 9350
67980 9330
67995 9310
68010 9290
68025 9270
68040 9250
68055 9230
68070 9210
68085 9190
68100 9170
68115 9150
68130 9130
68145 9110
68160 9090
68175 9070
68190 9050
68205 9030
68220 9010
68235 8990
68250 8970
68265 8950
68280 8930
68295 8910
68310 8890
68325 8870
68340 8850
68355 8830
68370 8810
68385 8790
68400 8770
68415 8750
68430 8730
68445 8710
68460 8690
68475 8670
68490 8650
68505 8630
68520 8610
68535 8590
68550 8570
68565 8550
68580 8530
68595 8510
68610 8490
68625 8470
68640 8450
68655 8430
68670 8410
68685 8390
68700 8370
68715 8350
68730 8330
68745 8310
68760 8290
68775 8270
68790 8250
68805 8230
68820 8210
68835 8190
68850 8170
68865 8150
68880 8130
68895 8110
68910 8090
68925 8070
68940 8050
68955 8030
68970 8010
68985 7990
69000 7970
69015 7950
69030 7930
69045 7910
69060 7890
69075 7870
69090 7850
69105 7830
69120 7810
69135 7790
69150 7770
69165 7750
69180 7730
69195 7710
69210 7690
69225 7670
69240 7650
69255 7630
69270 7610
69285 7590
69300 7570
69315 7550
69330 7530
69345 7510
69360 7490
69375 7470
69390 7450
69405 7430
69420 7410
69435 7390
69450 7370
69465 7350
69480 7330
69495 7310
69510 7290
69525 7270
69540 7250
69555 7230
69570 7210
69585 7190
69600 7170
69615 7150
69630 7130
69645 7110
69660 7090
69675 7070
69690 7050
69705 7030
69720 7010
69735 6990
69750 6970
69765 6950
69780 6930
69795 6910
69810 6890
69825 6870
69840 6850
69855 6830
69870 6810
69885 6790
69900 6770
69915 6750
69930 6730
69945 6710
69960 6690
69975 6670
69990 6650
70005 6630
70020 6610
70035 6590
70050 6570
70065 6550
70080 6530
70095 6510
70110 6490
70125 6470
70140 6450
70155 6430
70170 6410
70185 6390
70200 6370
70215 6350
70230 6330
70245 6310
70260 6290
70275 6270
70290 6250
70305 6230
70320 6210
70335 6190
70350 6170
70365 6150
70380 6130
70395 6110
70410 6090
70425 6070
70440 6050
70455 6030
70470 6010
70485 5990
70500 5970
70515 5950
70530 5930
70545 5910
70560 5890
70575 5870
70590 5850
70605 5830
70620 5810
70635 5790
70650 5770
70665 5750
70680 5730
70695 5710
70710 5690
70725 5670
70740 5650
70755 5630
70770 5610
70785 5590
70800 5570
70815 5550
70830 5530
70845 5510
70860 5490
70875 5470
70890 5450
70905 5430
70920 5410
70935 5390
70950 5370
70965 5350
70980 5330
70995 5310
71010 5290
71025 5270
71040 5250
71055 5230
71070 5210
71085 5190
71100 5170
71115 5150
71130 5130
71145 5110
71160 5090
71175 5070
71190 5050
71205 5030
71220 5010
71235 4990
71250 4970
71265 4950
71280 4930
71295 4910
71310 4890
71325 4870
71340 4850
71355 4830
71370 4810
71385 4790
71400 4770
71415 4750
71430 4730
71445 4710
71460 4690
71475 4670
71490 4650
71505 4630
71520 4610
71535 4590
71550 4570
71565 4550
71580 4530
71595 4510
71610 4490
71625 4470
71640 4450
71655 4430
71670 4410
71685 4390
71700 4370
71715 4350
71730 4330
71745 4310
71760 4290
71775 4270
71790 4250
71805 4230
71820 4210
71835 4190
71850 4170
71865 4150
71880 4130
71895 4110
71910 4090
71925 4070
71940 4050
71955 4030
71970 4010
71985 3990
72000 3970
72015 3950
72030 3930
72045 3910
72060 3890
72075 3870
72090 3850
72105 3830
72120 3810
72135 3790
72150 3770
72165 3750
72180 3730
72195 3710
72210 3690
72225 3670
72240 3650
72255 3630
72270 3610
72285 3590
72300 3570
72315 3550
72330 3530
72345 3510
72360 3490
72375 3470
72390 3450
72405 3430
72420 3410
72435 3390
72450 3370
72465 3350
72480 3330
72495 3310
72510 3290
72525 3270
72540 3250
72555 3230
72570 3210
72585 3190
72600 3170
72615 3150
72630 3130
72645 3110
72660 3090
72675 3070
72690 3050
72705 3030
72720 3010
72735 2990
72750 2970
72765 2950
72780 2930
72795 2910
72810 2890
72825 2870
72840 2850
72855 2830
72870 2810
72885 2790
72900 2770
72915 2750
72930 2730
72945 2710
72960 2690
72975 2670
72990 2650
73005 2630
73020 2610
73035 2590
73050 2570
73065 2550
73080 2530
73095 2510
73110 2490
73125 2470
73140 2450
73155 2430
73170 2410
73185 2390
73200 2370
73215 2350
73230 2330
73245 2310
73260 2290
73275 2270
73290 2250
73305 2230
73320 2210
73335 2190
73350 2170
73365 2150
73380 2130
73395 2110
73410 2090
73425 2070
73440 2050
73455 2030
73470 2010
73485 1990
73500 1970
73515 1950
73530 1930
73545 1910
73560 1890
73575 1870
73590 1850
73605 1830
73620 1810
73635 1790
73650 1770
73665 1750
73680 1730
73695 1710
73710 1690
73725 1670
73740 1650
73755 1630
73770 1610
73785 1590
73800 1570
73815 1550
73830 1530
73845 1510
73860 1490
73875 1470
73890 1450
73905 1430
73920 1410
73935 1390
73950 1370
73965 1350
73980 1330
73995 1310
74010 1290
74025 1270
74040 1250
74055 1230
74070 1210
74085 1190
74100 1170
74115 1150
74130 1130
74145 1110
74160 1090
74175 1070
74190 1050
74205 1030
74220 1010
74235 990
74250 970
74265 950
74280 930
74295 910
74310 890
74325 870
74340 850
74355 830
74370 810
74385 790
74400 770
74415 750
74430 730
74445 710
74460 690
74475 670
74490 650
74505 630
74520 610
74535 590
74550 570
74565 550
74580 530
74595 510
74610 490
74625 470
74640 450
74655 430
74670 410
74685 390
74700 370
74715 350
74730 330
74745 310
74760 290
74775 270
74790 250
74805 230
74820 210
74835 190
74850 170
74865 150
74880 130
74895 110
74910 90
74925 70
74940 50
74955 30
74970 10
