50
999995163 17166373
999995196 312829840
999995214 658730271
999995270 65506193
999995437 332365253
999995470 787700515
999995494 244615112
999995745 656501758
999995752 932274671
999995829 637321171
999995873 538556508
999995990 5018382
999995992 147215784
999996214 125332988
999996245 626007584
999996249 197021173
999996327 476871088
999996349 726100568
999996417 59266530
999996499 804043819
999996783 243662617
999997052 78891918
999997159 747970762
999997236 254160779
999997271 129812550
999997289 425876990
999997441 895945459
999997831 226154991
999997834 69483512
999997926 867486119
999997946 8667244
999998146 815530878
999998270 484495968
999998283 579189828
999998313 29868804
999998314 476063836
999998398 595057128
999998560 218659914
999998571 856974278
999998593 941202058
999998767 790876557
999998872 594352114
999999277 48121944
999999464 58236094
999999501 578879009
999999682 105240048
999999886 886276543
999999928 603291623
999999934 368085697
999999959 514447799
