500
999950087 929724841
999950217 518451316
999950299 14202277
999950528 127884343
999951001 913549738
999951035 365057310
999951114 991844663
999951447 824866436
999951907 674351394
999952124 156175441
999952130 435856173
999952133 164288946
999952171 338913205
999952254 51728522
999952305 379756405
999952341 764382158
999952480 593518287
999952494 81351821
999952669 29268172
999952990 587874186
999953112 875332236
999953129 508346448
999953156 925577686
999953313 816371899
999953399 629658288
999953546 679771682
999953635 340411105
999953690 65536232
999953746 140609730
999953845 630239375
999953868 116196052
999954055 63481371
999954243 464482489
999954257 785614656
999954527 159011203
999954531 137743441
999954646 485857908
999954692 109581646
999954883 618768261
999954936 502889425
999955026 975239823
999955074 429967239
999955205 861413390
999955309 584567958
999955357 743512718
999955509 102886384
999955538 97718034
999955582 191900321
999955625 775710897
999955778 507871348
999955954 111480786
999956036 305886370
999956061 16101439
999956262 917095942
999956430 522719268
999956433 183906985
999956551 735946621
999956893 577494570
999956900 374146950
999957018 805412884
999957151 933954201
999957266 57495254
999957289 295538699
999957438 772406066
999957442 291802187
999957561 133919917
999957569 29802482
999957572 302437941
999957616 181285075
999957839 49719679
999957888 577081967
999957969 43641447
999958124 584867201
999958128 233136011
999958200 417139181
999958237 55049926
999958269 671148171
999958312 438893129
999958349 352461105
999958464 666040230
999958510 749070964
999958599 805442653
999958744 701127194
999958883 939142714
999959299 34803549
999959409 888387627
999959604 597814214
999959653 513566825
999959664 901634779
999959843 704608469
999959929 381538606
999960052 286709938
999960090 768559397
999960094 578882960
999960097 925322675
999960288 976192875
999960326 525048726
999960432 804468827
999960449 569609821
999960486 11150735
999960561 321281542
999960633 154151245
999960647 510056080
999960692 801754961
999960773 25325823
999960815 540766554
999961187 533278588
999961304 438805782
999961483 258235292
999961500 562044703
999961590 145711890
999961649 821706365
999961660 64349911
999961665 219478219
999961683 196843801
999961694 102516728
999961870 675751039
999961891 601747464
999962132 217316874
999962156 444209531
999962178 472962924
999962291 179921938
999962534 317884612
999962674 479368460
999962682 448179603
999962791 73740233
999962889 903415760
999962900 95117918
999962915 70975958
999963435 28368178
999963760 906270977
999963868 102285325
999963883 226624684
999964100 33040005
999964156 279490998
999964456 705494750
999964465 554091860
999964529 312157202
999964677 76401750
999964798 130693286
999964837 695911874
999964890 675173798
999964901 945739840
999965040 119944250
999965043 639305779
999965234 558072875
999965364 430138301
999965480 805469517
999965533 56491479
999965591 291602903
999965765 670681057
999965766 600611409
999966070 761665581
999966578 63855082
999966754 429903662
999966766 241322661
999966886 711820298
999966920 90493063
999966989 32634656
999967019 581767635
999967057 113212447
999967188 414946
999967289 452209895
999967354 65777320
999967410 982450751
999967440 884782741
999967483 28114766
999967498 569814344
999967525 728584844
999967531 117272018
999967557 787088271
999967594 106969941
999967620 553126183
999967713 562456212
999967920 630530601
999968108 296093789
999968211 117468030
999968403 561793251
999968504 308171612
999968569 731082615
999968725 862700017
999968826 141867224
999968927 118511724
999969003 503438781
999969038 143576058
999969056 803886835
999969152 609644565
999969221 782318313
999969251 697837609
999969255 741810758
999969353 294566692
999969595 134200945
999969633 96507256
999969730 167652999
999969767 708465511
999969818 218400709
999970020 809868217
999970255 178601003
999970429 99343653
999970591 388776252
999970630 171182264
999971053 397160556
999971081 568568217
999971571 34499810
999971775 531977555
999972044 289172558
999972059 723482844
999972261 487589811
999972322 841002392
999972333 68129467
999972375 359562568
999972418 54405625
999972552 289843954
999972770 260733689
999972823 374136225
999972906 665240440
999973009 4274227
999973208 67599137
999973557 506958398
999973614 247796749
999973639 2472331
999973738 177888032
999973893 854609510
999973943 724542970
999973962 336740850
999974042 541866436
999974178 578753912
999974260 13852323
999974292 886665681
999974423 296761549
999974488 44691585
999974617 104271173
999974618 585309936
999974664 362282498
999974788 100885387
999974825 171407012
999974902 777919383
999975050 268552250
999975241 750522482
999975269 986642969
999975347 223275095
999975510 591187439
999975691 746221060
999975782 781953439
999975795 153988101
999975807 724656059
999975989 637677154
999976054 569769972
999976086 144931469
999976138 606600002
999976280 465137912
999976585 620443300
999976591 835390610
999976636 750920151
999976668 672409993
999976719 812167643
999976910 59152810
999977198 138635092
999977339 57081965
999977609 489644252
999977703 192274244
999977800 101712305
999977869 628181076
999977988 634908810
999978061 749584602
999978160 328060801
999978189 584246021
999978215 272477632
999978230 305746626
999978306 5186064
999978565 116425806
999978626 291119671
999978753 588802988
999978784 84952861
999978805 518438184
999978869 863699898
999979059 24569436
999979093 562962033
999979226 347878054
999979228 855852494
999979281 422090532
999979330 218779243
999979509 99131684
999979674 580259488
999979779 572267057
999979818 385866884
999979834 366263666
999980076 404406172
999980131 90626705
999980305 286571839
999980431 475765555
999980555 51610902
999980582 701235008
999980613 112556646
999980794 638451873
999980909 805356133
999980999 453970221
999981084 59932808
999981207 285758877
999981268 620046391
999981305 199709214
999981376 496730036
999981408 710070321
999981534 577534501
999981597 143843390
999981659 362189395
999981746 386812705
999981772 659817704
999982046 367015941
999982158 300128661
999982210 902605245
999982232 342732294
999982254 514592541
999982316 652809449
999982381 590822396
999982471 669009806
999982592 970625851
999982735 238413192
999982894 608813069
999982933 639854765
999982989 708687137
999983227 557488896
999983256 914298520
999983692 470591891
999984000 270854555
999984051 747121584
999984228 642645824
999984263 573882128
999984274 940361425
999984368 30219779
999984449 57188443
999984642 596007179
999984968 576946602
999984980 78434524
999985404 162620600
999985708 20366193
999985718 277603270
999985809 696469841
999985853 435091827
999985884 503507591
999985917 63559054
999985947 898652689
999986082 262078823
999986092 778378779
999986107 433668102
999986118 122111925
999986148 81612757
999986239 57108902
999986441 593115130
999986606 265191138
999986618 741027407
999986666 354169207
999986741 841605757
999986772 807017042
999986792 89984178
999986978 585021642
999987096 589187402
999987159 468301155
999987247 833855201
999987302 938647501
999987335 171163311
999987362 831441508
999987810 531007738
999987824 327423973
999987854 587828071
999988035 429214376
999988082 163914344
999988155 58139264
999988171 878494654
999988325 748682873
999988340 830464481
999988404 248094692
999988440 666673651
999988478 18357115
999988616 764201141
999989052 276358197
999989113 522520203
999989263 920443098
999989318 67874111
999989435 743966201
999989458 527249545
999989524 172504320
999989668 781292036
999989789 254162754
999989958 768361327
999990140 245252468
999990296 396964378
999990382 712103073
999990387 246374875
999990404 521995755
999990552 705591687
999990594 86759368
999990672 899113828
999990745 71077316
999990826 594000041
999990864 771231824
999990886 179577772
999990899 430395486
999990935 830605572
999990950 309007494
999990959 884678440
999990966 448437876
999991076 295713214
999991084 136116177
999991138 581869262
999991191 32665649
999991198 57474764
999991420 299903007
999991614 229541421
999991657 12443687
999991757 35508334
999991765 125392089
999991794 978353431
999991944 405655545
999991992 884794766
999992070 117473069
999992150 172915001
999992190 932415665
999992207 85193736
999992273 32133028
999992301 204738791
999992360 898583700
999992824 361948048
999992948 81649
999992972 744606397
999993007 446855049
999993205 195308326
999993214 484149457
999993321 515727795
999993372 173905600
999993543 217428422
999993557 255590405
999993753 759602012
999993901 47650178
999994106 630183781
999994132 735113657
999994236 594370097
999994238 370490749
999994348 348072608
999994371 217070093
999994381 536302982
999994488 340165890
999994707 941087662
999994721 524562789
999994737 630115991
999994782 677881377
999994821 798002518
999994853 605450788
999994944 319832381
999994952 532589813
999995188 260146843
999995373 971060575
999995469 618605540
999995567 280430120
999995852 122200713
999995939 965823996
999996090 953779672
999996325 819679549
999996477 292813868
999996525 77650325
999996631 587985393
999996735 132070285
999996829 951424626
999997040 44059845
999997053 387463729
999997083 64211835
999997094 112628838
999997124 779950554
999997139 859151604
999997202 28335861
999997340 439861285
999997351 353098368
999997392 977576514
999997405 639628453
999997491 737511653
999997507 804174812
999997623 699286328
999997669 550895629
999997833 806491148
999997868 898255704
999998061 644643212
999998130 542958802
999998216 177674447
999998235 918697069
999998296 513060733
999998508 552528236
999998747 390032738
999998806 422655412
999998913 105077247
999999000 155528116
999999014 82872004
999999025 38949900
999999132 382880219
999999488 724407594
999999560 632969270
999999722 28129076
999999769 226403880
999999820 883203277
999999898 268349863
999999924 200614026
