5000
999500070 693514549
999500150 250396368
999500221 449557232
999500256 313618761
999500284 587719191
999500312 28820187
999500321 149728371
999500435 80935089
999500467 773565648
999500516 868638850
999500544 334494947
999500564 384991428
999500664 360569097
999500760 784302075
999500859 672449003
999500914 851245503
999500926 638475845
999501151 522228917
999501180 125390425
999501276 623563460
999501403 916626562
999501428 95537035
999501448 921092473
999501498 822017687
999501708 78888859
999501711 944610165
999501929 949678094
999502021 50440765
999502188 583353224
999502222 785838335
999502229 859751851
999502367 732785515
999502382 57265188
999502562 813646590
999502575 114962691
999502628 96576910
999502672 862871091
999502955 920620269
999503090 383821355
999503128 212119642
999503369 728948314
999503436 362826495
999503447 549160627
999503526 29426905
999503561 994037648
999503846 768794853
999503867 662527431
999503883 629617012
999503931 141357674
999503985 414234630
999504064 54130092
999504133 821860976
999504431 696952813
999504461 134245420
999504551 323050115
999504733 541964724
999504839 679165843
999505090 937345271
999505139 36889910
999505239 254282367
999505270 845449015
999505443 552524133
999505611 875695665
999505735 415496819
999505807 774864139
999505959 55569982
999506015 891573192
999506200 971661665
999506347 470959926
999506479 394163661
999506651 878442849
999506698 71979086
999506863 442526442
999506920 28411040
999507075 606713683
999507204 273655328
999507213 605039837
999507254 45800183
999507274 399952758
999507297 602620043
999507318 457062326
999507365 72105449
999507391 647617485
999507437 672767668
999507501 245873543
999507516 302111141
999507562 841998300
999507639 525932655
999507750 106035836
999507835 21261487
999507840 571010512
999507904 63739280
999507971 38939561
999507973 307253737
999508050 6620619
999508282 834171476
999508378 905274705
999508593 50538489
999508701 62623220
999509031 97534635
999509051 230768661
999509064 106822048
999509122 415639372
999509146 556262142
999509200 464715113
999509202 455823479
999509204 736416755
999509248 506388986
999509421 622853073
999509447 680101892
999509541 450348890
999509686 241656595
999509731 274978225
999510108 364879804
999510169 355010754
999510193 156296722
999510205 262202802
999510237 921406438
999510253 558890409
999510365 50105677
999510479 606882894
999510624 746736667
999510626 191251462
999510641 214038732
999510833 108721138
999510941 600342753
999510988 525781626
999511029 230744445
999511058 421607959
999511179 17856417
999511214 870557174
999511222 131114547
999511458 863365826
999511515 519638465
999511842 203962807
999511973 348167239
999512010 710851167
999512041 942586432
999512143 446852082
999512149 592718607
999512266 784092137
999512309 198605032
999512327 621179514
999512425 951751085
999512475 560817359
999512913 186164914
999513406 668378733
999513471 38043671
999513618 390095630
999513690 840666
999513879 194096497
999514203 71413473
999514275 582422938
999514349 343387435
999514377 734292882
999514392 765779163
999514537 108698549
999514586 114274111
999514777 474243707
999514957 912458223
999515022 198299583
999515052 744264043
999515071 612922757
999515289 751454122
999515315 683425664
999515368 225714079
999515370 57483811
999515439 347940780
999515457 891314712
999515485 65814498
999515489 344777079
999515495 644352518
999515503 577018926
999515840 127892483
999515967 911902565
999516081 453597135
999516256 259160919
999516310 407910341
999516333 316544429
999516430 367733631
999516466 243678771
999516482 781314389
999516490 821481471
999516638 74987870
999516750 184575446
999516879 85531930
999516892 41562211
999516921 938058140
999517047 605163142
999517107 635626419
999517171 817661577
999517223 163689189
999517481 297883315
999517577 98205619
999517687 56719615
999517754 96236063
999517839 164323997
999517891 506295196
999517993 775002402
999518066 924700999
999518182 809472935
999518390 209451550
999518412 579612129
999518561 744574322
999518843 846564312
999518865 802027002
999518877 319714784
999518922 407821439
999518980 683173013
999519101 142416587
999519160 572839278
999519207 548735353
999519491 916137853
999519499 38792983
999519642 282403622
999519659 795887164
999519683 942318909
999519817 707621012
999519917 79055159
999519994 92289628
999520330 943744927
999520568 859963431
999520622 566130078
999520652 151356628
999520653 411393283
999520764 557958561
999520780 567339256
999520788 131522142
999520973 146891530
999521311 228164681
999521406 72822388
999521657 256683312
999521768 794564708
999521789 863137444
999521815 20284411
999521881 92931513
999521886 186161431
999522238 774854026
999522842 792141992
999522867 523109493
999523013 712512750
999523027 149847765
999523233 806035876
999523244 99132904
999523313 41870932
999523494 123430810
999523605 863279633
999523681 28032668
999523874 207620223
999524126 390659404
999524259 109576166
999524287 845387994
999524303 814250148
999524376 388667751
999524406 896200774
999524478 468121808
999524605 32089175
999524708 565867915
999524820 418736189
999524864 532783405
999525227 963199334
999525229 143599244
999525346 809315308
999525424 716761489
999525497 352115186
999525724 82629673
999525740 802347325
999525770 350816698
999525859 613114165
999525865 590304726
999525949 961910385
999526283 774995308
999526535 647527244
999526613 530950421
999526750 654557587
999527035 32965696
999527090 23931671
999527156 432605734
999527270 581547566
999527273 879375127
999527458 612534698
999527823 624406074
999527869 444296933
999527901 678032158
999527909 801563504
999527923 325213965
999527960 757784206
999527972 335239780
999527982 930946379
999528024 1412079
999528044 889530492
999528430 456609089
999528475 105236826
999528629 643845609
999528661 263265584
999528773 460857160
999528845 255555455
999528884 923757790
999528987 519267573
999529186 604718813
999529254 755979750
999529416 50369065
999529495 228067705
999529517 954295446
999529523 937120789
999529700 17725344
999529856 65250088
999529906 437820244
999529984 110501294
999530125 738213799
999530157 627171567
999530364 171415681
999530392 635738370
999530505 108865105
999530506 535177268
999530513 491258982
999530603 776378754
999531028 416708826
999531036 866108743
999531037 24813139
999531045 585694682
999531159 486123318
999531187 838409873
999531230 761960406
999531347 245767474
999531644 126767904
999531659 785080801
999531699 9647310
999531725 508527824
999531804 49380811
999531851 690485213
999531941 14956090
999531980 55373105
999531985 369774289
999532014 71384162
999532117 420485309
999532299 939977605
999532359 976624099
999532615 315320611
999532708 3426879
999533122 839199497
999533210 977707250
999533391 840185159
999533393 632867659
999533644 702028739
999533711 444255630
999533718 461822541
999533791 480334552
999533822 468661112
999533939 654640146
999534064 74677950
999534069 683490242
999534357 94037659
999534394 353846184
999534396 111961896
999534637 616838135
999534655 466272377
999534750 765734333
999534828 595165329
999534923 495776376
999535084 94945656
999535096 536695765
999535156 722509422
999535245 866665866
999535307 746305829
999535422 826221390
999535791 620000260
999535885 104804074
999536113 442601447
999536127 378789410
999536190 536452022
999536279 181861062
999536283 988138849
999536404 956755888
999536480 235178733
999536702 640248788
999536920 156803584
999537086 531194282
999537129 678398037
999537207 857240342
999537247 342841200
999537285 127926686
999537375 43006398
999537535 904377676
999537580 905810903
999537649 692478881
999537665 890206597
999537684 74171936
999537700 149492748
999537720 481909249
999537731 23793668
999537947 271461978
999537998 867583193
999538030 792300127
999538045 494277197
999538064 761329838
999538128 149148889
999538219 203170004
999538244 160494393
999538339 280196286
999538356 106840473
999538368 733929224
999538369 954485402
999538487 614253595
999538560 809227730
999538952 803570843
999539007 243958962
999539069 46484179
999539212 781716361
999539331 456990210
999539453 633080403
999539770 434024347
999539781 5428355
999539795 488164675
999539842 102580736
999539890 103779111
999539917 320923077
999540027 120388968
999540157 774976641
999540392 754407546
999540460 195188502
999540606 771772844
999540865 209669706
999540944 346246367
999541301 164990588
999541543 718176272
999541812 763948259
999541905 497549489
999541984 872652336
999542069 48737222
999542166 464544878
999542300 43080752
999542484 64079834
999542485 100527002
999542649 403338192
999542666 921733588
999542673 414731457
999542703 263456061
999542993 742801332
999543016 409031133
999543078 391679015
999543093 608803219
999543262 361680740
999543379 631874511
999543423 453794275
999543430 188645419
999543551 50097846
999543585 275481346
999543627 126873473
999543916 262046746
999543996 360770463
999544045 645253806
999544046 518064180
999544169 990700181
999544187 366973212
999544373 601616968
999544456 430858785
999544576 837507360
999544780 67439397
999544783 366737139
999544803 214783776
999544906 212131235
999544934 244501132
999544940 636400650
999545141 623344868
999545192 387533030
999545194 875447543
999545223 661930886
999545383 388897509
999545729 908280607
999546120 466110123
999546159 901088221
999546218 487556073
999546327 417723612
999546350 286558419
999546435 293722480
999546526 936869601
999546537 166499119
999546653 88607404
999546655 758358538
999547087 802905022
999547290 56482440
999547435 853078703
999547607 116252807
999547678 558367508
999547769 532652635
999547844 662308002
999547938 875516725
999547939 639717086
999548016 727727236
999548102 22333213
999548134 175478054
999548230 145056081
999548302 7870413
999548304 661283812
999548551 751976458
999548639 327685250
999548840 460177786
999548850 537149351
999549146 734697072
999549240 173612424
999549394 352485082
999549432 675268954
999549600 632562224
999549890 188734629
999549903 666917324
999549925 35934252
999549997 339725332
999550147 49517221
999550190 14521624
999550246 476726034
999550274 416958978
999550354 812675703
999550388 662219581
999550520 482192428
999550574 948638420
999550757 235825410
999551103 738790006
999551266 908502201
999551358 374254907
999551587 718081777
999551765 991143349
999551797 289855125
999551838 96252181
999551848 266789364
999551882 972860050
999552094 576690227
999552105 889769592
999552149 782377899
999552194 88300073
999552267 935978403
999552307 25621332
999552340 17849277
999552354 791871011
999552360 93640123
999552408 485177006
999552413 770305572
999552426 48129648
999552485 539172815
999552533 689486794
999552839 879771482
999552968 29915748
999553116 454035161
999553192 37326677
999553244 198345574
999553282 479929288
999553327 301039421
999553345 532824904
999553501 319540485
999553505 919417921
999553616 109327988
999553652 303939574
999554076 366161227
999554184 803966297
999554195 246763845
999554368 535042798
999554619 532220193
999554775 266044956
999554793 408931937
999554825 343505267
999555034 663106355
999555097 340902315
999555226 330414891
999555288 443260803
999555295 564917580
999555521 93743159
999555538 442990271
999555567 176433607
999555785 489504713
999555818 91736500
999555907 238452960
999555914 554770111
999555933 296184300
999556231 103322843
999556333 397483357
999556356 885929898
999556400 336849155
999556408 971674219
999556443 798952524
999556465 242803032
999556661 965532085
999556801 167527737
999556806 629811574
999556831 121982587
999557199 63013182
999557261 5328286
999557331 800806253
999557495 821143144
999557521 371782433
999557803 390861196
999557941 696580053
999557952 422371680
999558036 795762840
999558139 289541624
999558207 992603016
999558221 75893271
999558243 741157209
999558267 306049935
999558369 380397306
999558515 120048466
999558837 920732930
999558840 853061580
999559099 105207717
999559264 750545603
999559338 704893683
999559534 456585547
999559737 176212760
999559743 770686996
999560360 170177855
999560384 891544243
999560395 223685131
999560419 389332622
999560508 482246346
999560658 770604203
999560670 441286875
999560730 608065634
999560749 754356902
999560788 362181624
999560876 517706539
999561208 621631385
999561232 498894278
999561322 549773750
999561380 706260281
999561496 746570212
999561581 465802831
999561593 581035141
999561653 885043538
999561878 976428916
999562126 352989396
999562194 77239674
999562564 79182767
999562728 962300237
999562751 795645193
999563044 233359846
999563261 248695116
999563493 314659297
999563499 474094929
999563575 992329063
999563706 405312745
999563723 247117279
999563753 908719499
999563916 172271917
999564066 113603832
999564086 970113604
999564150 798372081
999564176 410355931
999564357 581579957
999564472 352541436
999564546 829212372
999564717 263863673
999564727 413295521
999564805 478909360
999564814 451322386
999564888 128447006
999565056 351135509
999565068 3065717
999565502 949822666
999565546 908231162
999565688 667275261
999565716 615924865
999565818 81517483
999565933 369163075
999566171 927961232
999566297 8534286
999566479 514665640
999566504 415733712
999566550 671035819
999566987 309673360
999567077 326514122
999567107 153039211
999567333 264479918
999567472 496173353
999567528 413282349
999567544 749757711
999567545 178775878
999567631 496818269
999567666 1995300
999567687 143617242
999567703 38178688
999567869 963000544
999567877 14181040
999567919 698923985
999568007 426587508
999568131 600749122
999568146 96896967
999568152 286405746
999568186 397795498
999568208 39414111
999568437 245042972
999568449 78180740
999568455 936060574
999568934 455459367
999569086 337423331
999569247 937767885
999569407 312678878
999569529 56855754
999569615 141081136
999569697 43829087
999569700 626747804
999569769 133062151
999570081 957739628
999570111 889800904
999570141 160317887
999570179 32700763
999570218 666402657
999570232 12535414
999570423 637577974
999570446 596579326
999570468 576996511
999570905 747689573
999570913 616813804
999570931 59230681
999571105 401200914
999571222 938072504
999571418 221457554
999571512 588372993
999571669 809813215
999571800 73433123
999571990 21799127
999572145 3636939
999572169 707685822
999572287 170305721
999572336 678901089
999572347 603278300
999572466 566191869
999572584 524937607
999572719 867203634
999572726 345272222
999572730 118181958
999572954 349591683
999572998 20982980
999573231 952900330
999573314 8154488
999573435 978432882
999573655 15043226
999573793 198530659
999573848 858670168
999573882 663824702
999573895 124509864
999573949 139104168
999573999 835925506
999574054 119943280
999574107 368737418
999574136 867155846
999574259 500278052
999574306 177228400
999574313 14723908
999574677 907701090
999574785 729323187
999574866 288211302
999574875 306616029
999574893 308556885
999574955 953373947
999574972 844472151
999574994 48489494
999575016 976713854
999575147 598399398
999575183 795986299
999575244 237610335
999575264 734321477
999575327 4597140
999575435 700338864
999575471 542874209
999575492 73740963
999575809 644470254
999575844 390403105
999575908 843309108
999575944 133166599
999576224 39826719
999576347 644513468
999576475 114161791
999576564 328215435
999576680 350877123
999576708 27571839
999576841 933316842
999576864 197088518
999576960 841837441
999577049 106439693
999577507 134350195
999577602 328091634
999577716 256283422
999577959 650863358
999577967 652398032
999578123 843829262
999578124 772743688
999578132 709003959
999578199 774491839
999578300 101840067
999578353 928219496
999578416 616985907
999578421 711521488
999578478 545476029
999578484 319589263
999578558 188620767
999578689 332696805
999578802 272091163
999578854 902368792
999578981 24119114
999579086 708008932
999579364 959667179
999579445 886721191
999579662 941710403
999579708 317626154
999580001 60740984
999580157 753500366
999580216 254834412
999580512 69163837
999580516 744063058
999580536 42731067
999580578 364460681
999580594 94719720
999580599 890237222
999580601 676777467
999580612 422362335
999580624 384014118
999580641 565360375
999580690 78793090
999580698 201080014
999580713 11980627
999580890 968198000
999580909 151427167
999581203 904109077
999581456 81136909
999581620 763808610
999581847 856438637
999581857 650771785
999581884 679502306
999581980 75800632
999582270 543151318
999582365 244266573
999582408 836635979
999582529 286137145
999582598 135656037
999582627 16012724
999582716 766980659
999582746 521799252
999582888 903380438
999582946 421429503
999582976 748978607
999582988 301447672
999583031 960472371
999583258 135302874
999583312 107540711
999583411 601897528
999583458 710821841
999583510 139924074
999583577 23586797
999583777 13912390
999583807 748951876
999583819 662745374
999583853 874279718
999584017 479923553
999584025 655639891
999584222 897356197
999584267 298470362
999584401 113414793
999584642 329896677
999584783 383044324
999585310 890042547
999585387 123873179
999585519 230769231
999585626 748993289
999585657 576123282
999585836 731316313
999585844 755181226
999586090 692046452
999586214 546067223
999586270 73621261
999586385 601612935
999586389 975161465
999586462 994829643
999586516 827433584
999586658 99801071
999586727 876953127
999586777 637136193
999587032 761827694
999587306 32607591
999587337 471167755
999587601 960946456
999587680 589315012
999587720 707770365
999587759 981226577
999587888 583571590
999587965 262801484
999587977 690230966
999588014 518483044
999588030 155048257
999588103 960160753
999588122 887485895
999588223 602585186
999588355 429829428
999588379 100942620
999588445 512991249
999588554 489129537
999588610 475697126
999588796 117693030
999588875 99390958
999589078 359036255
999589095 22296589
999589159 864858364
999589213 143280316
999589219 467148389
999589252 51364854
999589286 792158222
999589468 37653702
999589476 42656262
999589540 632343144
999589566 93811459
999589641 215226350
999590321 345024892
999590328 600334639
999590406 484606929
999590512 791466152
999590527 419176378
999590674 876460941
999590917 78945656
999590963 187450458
999591004 639134044
999591057 609455502
999591096 103389494
999591319 790590466
999591449 765047195
999591470 801150908
999591473 156950494
999591576 15207106
999591715 469947719
999591765 664566558
999591795 891314684
999592036 746442114
999592213 303694653
999592317 648823716
999592448 310713312
999592460 420445637
999592523 700108737
999592591 145438424
999592733 579529568
999592779 383672810
999592994 156288071
999593124 652920738
999593352 167301860
999593464 606694536
999593562 763935678
999593653 462086789
999594031 251325366
999594270 850977764
999594510 236827397
999594696 224672557
999594726 721097584
999594801 52118135
999594813 19519939
999594860 880022200
999594861 879835914
999594884 43115943
999595006 113959808
999595219 522405454
999595345 668012475
999595400 477997386
999595744 359401333
999595751 463416974
999595818 48668870
999595894 712354124
999596003 98436329
999596087 875020738
999596092 261558086
999596171 811972342
999596222 168645754
999596258 579690175
999596457 508669526
999596561 332678578
999596652 261513146
999596705 150119699
999596706 449486859
999596745 848445161
999596759 868789396
999597004 382153007
999597123 176271188
999597127 489371894
999597132 390989142
999597303 432456761
999597351 566805403
999597492 629040896
999597576 521781096
999597724 464897093
999597885 309494175
999597900 252171542
999598194 832663272
999598230 154173794
999598369 893114452
999598410 484317606
999598415 40191701
999598607 788257669
999598630 856171339
999598740 86063313
999598838 686913961
999599080 442680016
999599101 139296103
999599203 895759348
999599284 110719787
999599316 651831647
999599491 471662380
999599551 745347246
999599682 577626286
999599866 724936156
999599884 868921504
999599929 833333265
999600032 586833739
999600300 666897059
999600861 411415831
999600944 336154980
999601094 754954378
999601192 865645933
999601323 324249032
999601422 613934380
999601433 470919242
999601544 934922128
999601982 7381684
999602064 378608052
999602311 17130258
999602509 814281918
999602757 914647585
999602907 843803073
999603041 805673979
999603126 295793816
999603318 406283754
999603534 657715107
999603757 112196776
999603803 897027067
999603817 540399054
999603894 879087982
999603977 861991430
999603981 6057692
999604306 325107022
999604322 957730163
999604409 124110452
999604690 630796666
999604919 48890340
999605068 987566303
999605424 586009006
999605643 315877526
999605706 718499577
999605736 343794797
999605824 982034820
999606087 440386417
999606191 531145707
999606292 621827498
999606363 79243403
999606412 171584964
999606450 971151266
999606532 397204849
999606585 185205604
999606649 192546660
999606651 197737541
999606731 391500428
999606933 354905284
999606973 522627440
999607145 470841605
999607181 207277496
999607182 573940024
999607204 226258045
999607297 136582116
999607381 440852700
999607492 400464065
999607571 14597854
999607657 96633909
999607684 677240119
999607821 655630865
999607824 44465882
999607904 42130751
999608005 466478033
999608035 789908854
999608096 641895697
999608251 23705585
999608356 149619393
999608509 710270013
999608776 651719787
999608984 766274995
999609020 993916794
999609036 52588566
999609337 152753062
999609351 66571289
999609443 823782293
999609603 855991705
999609746 730287067
999609877 123772039
999610036 113972223
999610064 854448801
999610326 66565362
999610441 630226130
999610479 374845042
999610737 907958277
999610938 319409740
999610959 116748522
999611003 655138780
999611010 852253108
999611039 924138404
999611054 879090721
999611059 627549038
999611252 162711146
999611303 283706919
999611354 584220619
999611459 770621547
999611537 974359560
999611619 402849505
999611688 251198506
999611719 713607604
999611785 375437455
999611808 177545379
999611851 895902118
999611926 578106793
999611997 133089169
999612125 717135672
999612236 61120796
999612512 959769434
999612568 102052310
999612709 181483221
999613007 38843595
999613041 594165219
999613116 783265613
999613165 153897227
999613343 320230509
999613552 107450425
999613619 947830802
999613668 81789261
999613794 633178835
999613818 739697938
999613939 430652062
999614039 926649674
999614135 359537218
999614151 472253384
999614180 823620273
999614626 547597106
999614656 786943610
999614778 444929060
999614977 70244914
999615083 912486578
999615158 432144752
999615160 77249988
999615403 90524664
999615495 58352054
999615694 840685358
999615789 353429693
999615801 457147885
999616070 322480328
999616113 954889077
999616219 520093362
999616338 281963676
999616407 186399670
999616505 239356042
999616754 335893929
999616819 602198365
999616885 494426170
999617238 193047201
999617304 217912167
999617316 263154283
999617332 497102849
999617451 572006610
999617497 196953154
999617597 959793855
999617609 615896224
999617663 777693886
999617719 700934500
999617851 81475934
999617871 722276873
999618012 171144290
999618138 220939976
999618155 872729158
999618279 863004203
999618308 360756539
999618336 545059978
999618428 589575524
999618501 77706104
999618733 828830362
999618843 799771286
999618867 460820159
999618964 380072410
999619265 843218576
999619276 814066510
999619512 980964232
999619541 347487792
999619602 830087563
999619822 581867921
999619826 276693248
999619882 129457769
999619977 291873370
999620021 372735459
999620036 5160085
999620218 202662393
999620435 407431608
999620454 467363754
999620859 456532228
999621033 846944812
999621090 460272503
999621264 256144626
999621279 72391963
999621288 236721850
999621483 408694281
999621537 518311382
999621602 909640162
999621635 579652703
999621701 342274748
999621702 163273327
999621791 226341871
999621919 807560708
999622077 973211937
999622192 596091401
999622282 191519311
999622409 534781316
999622531 777120427
999622686 472426377
999622838 766535881
999622954 701812350
999623056 708592604
999623278 361442043
999623364 350643624
999623626 844692382
999623643 856212881
999623729 763367625
999623814 632304189
999623819 341986219
999623967 887268593
999624010 737997749
999624133 829573257
999624134 312061411
999624228 931260638
999624284 838063399
999624308 220992881
999624395 346514516
999624410 577337705
999624414 844451365
999624447 45701842
999624464 156494103
999624484 453811100
999624534 296052036
999624542 569995966
999624560 988667210
999624585 226924552
999625003 976034869
999625142 200937997
999625334 169252115
999625346 451747965
999625353 834984960
999625399 109703923
999625463 297575394
999625490 373495791
999625769 774082137
999625859 587665717
999625870 531769325
999626302 188094970
999626521 958192166
999626572 565405316
999626756 723496824
999626804 947141485
999626865 891289127
999627362 536770341
999627412 366994199
999627472 707318364
999627750 900071502
999627935 450228388
999627955 270209262
999627960 5709634
999628098 97361091
999628134 481787516
999628175 40100088
999628179 331937305
999628296 402039764
999628399 549159992
999628635 507945352
999628655 496540720
999628820 350797932
999628838 412348268
999628842 534558767
999628937 996510840
999628962 902297751
999628995 477033661
999629125 757694
999629205 33168166
999629396 150014642
999629486 14627952
999629540 66589205
999629691 579190662
999629723 862641924
999629799 102489246
999629830 123057362
999629891 568395671
999630051 870387168
999630122 390022703
999630363 738982514
999630463 123512267
999630524 469806985
999630583 9644640
999630639 66373091
999630798 533094764
999630953 874051784
999631021 427330442
999631155 105189628
999631261 956073494
999631274 310530311
999631625 309505179
999631669 709509797
999631827 370075062
999631844 837471577
999632197 6200048
999632307 626596750
999632365 620888513
999632464 282867057
999632556 6091752
999632588 844045795
999632609 516565068
999632647 94265262
999632660 667327628
999632777 165383346
999632816 417540529
999632900 974593154
999633068 77073072
999633322 176427589
999633390 213021008
999633464 755668376
999633583 890464810
999634328 721055265
999634364 863627882
999634556 399625483
999634557 9082712
999634585 270108564
999634779 84999553
999634798 800173852
999634814 351315448
999634830 65704022
999634837 841526759
999634993 754174907
999635022 551751779
999635118 600422643
999635167 473169417
999635177 190495576
999635250 157536811
999635263 28882530
999635413 307168635
999635510 75313909
999635526 910846542
999635671 986495296
999635691 125672493
999635901 988064045
999635995 639507544
999636193 83416375
999636286 511559242
999636500 12707633
999636567 5715788
999636697 135773014
999636735 353688849
999636776 350182310
999636790 896336040
999636860 878983552
999636930 807113552
999637018 203995034
999637043 369939822
999637142 172819773
999637159 145019523
999637215 748214510
999637391 97505195
999637717 837215969
999637737 644253606
999637800 5101124
999637806 809701758
999637980 240509588
999638159 396803100
999638193 271290375
999638281 428960201
999638312 268743882
999638481 33293041
999638547 840890214
999638581 45116348
999638600 553306810
999638629 680926306
999638732 159174903
999638847 293135489
999638901 106387738
999639062 343479162
999639148 803773203
999639223 589486165
999639229 886530494
999639277 931506034
999639435 43485493
999639509 49847624
999639564 723036262
999639655 881301034
999639721 787099678
999639778 344279388
999640174 457548120
999640199 124503235
999640360 601524403
999640404 536386022
999640469 203191540
999640572 873768553
999640584 42262148
999640665 906899785
999640749 131247853
999640849 888408001
999640912 184916216
999640930 591884393
999641095 676414662
999641101 901740175
999641229 495788347
999641518 466891057
999641612 464520006
999641651 68127924
999641671 213937112
999641685 52014554
999641701 107996481
999641708 94539649
999641747 803333171
999641777 514821116
999641998 42035275
999642193 895881459
999642224 589613872
999642255 102393683
999642319 71972987
999642380 5550290
999642799 618525555
999642825 841305778
999642831 965851295
999642884 324378582
999642907 628659932
999643005 481503041
999643188 276780742
999643220 578061484
999643257 624531865
999643300 168684717
999643384 501678923
999643405 286908299
999643436 535428613
999643619 543759589
999643625 477770890
999643631 235757619
999643653 874102734
999643798 105864798
999643997 434036850
999644003 65863253
999644011 127682797
999644187 788533237
999644190 102141781
999644597 530394524
999644711 728534354
999644789 688296899
999645110 50770266
999645297 956251234
999645418 82841394
999645462 436498753
999645578 607345172
999645580 494323596
999645670 545157712
999645724 260686610
999645746 718555359
999645795 838209049
999645975 612845418
999646183 908966820
999646189 586330797
999646200 964606497
999646254 376766366
999646299 994730364
999646345 330950144
999646367 126615954
999646413 997213061
999646486 949374201
999646569 398577743
999646583 427117883
999646610 811326240
999646656 744780999
999646755 941493758
999646776 490146325
999646877 571325676
999646887 108991802
999646891 486822566
999647152 770653085
999647255 104280965
999647360 417131553
999647474 418722153
999647480 112484450
999647495 368016094
999647586 295032773
999647669 120347899
999647804 539404751
999647904 443004972
999647933 919143022
999648193 622355137
999648272 934630479
999648302 390200007
999648363 551676403
999648573 453807730
999648777 689718527
999648997 492962852
999649061 687978175
999649607 206477654
999649631 392676000
999649635 349572644
999649689 421253004
999649726 437801272
999649835 162117912
999650156 798673243
999650172 232043255
999650403 391093711
999650502 96688604
999650539 131038337
999650680 416029759
999650814 927997041
999650981 496486804
999650992 313190203
999651186 655371811
999651280 206582961
999651287 70244199
999651330 281740982
999651361 881770435
999651538 28602323
999651698 635508846
999651809 478803150
999651839 941711169
999652140 797818541
999652188 760822915
999652222 158082022
999652308 346740749
999652434 981977296
999652539 404851665
999652561 501138632
999652727 33103231
999652816 130645009
999652864 390156004
999652882 187744244
999653074 554582090
999653099 877038420
999653213 339476974
999653285 791827676
999653538 479149705
999653680 109579869
999653784 621572868
999653795 76379504
999653822 623492131
999653838 277822899
999653869 416919472
999653889 977965685
999653908 933823157
999653966 145298801
999654045 350914153
999654087 652946471
999654174 187574725
999654449 530654829
999654724 608152019
999654937 270500167
999655072 698820360
999655276 475088783
999655493 946333614
999655510 615885326
999655573 424663551
999655813 153179693
999655897 849184409
999656012 344082420
999656030 669007132
999656045 735550290
999656163 50910896
999656206 955162665
999656222 487567969
999656259 44578729
999656390 472309744
999656580 667370683
999656589 692470918
999656726 592601231
999656727 236400602
999656792 650979559
999656803 157773412
999656881 289235449
999656954 643038680
999656960 684449118
999656993 757986613
999657059 390899231
999657114 534775603
999657318 221374995
999657466 257597230
999657498 142209975
999657622 215025671
999657636 781828031
999657641 388202421
999657678 22285388
999657721 135941151
999657798 65333435
999657858 424282258
999657885 118660906
999658004 142835899
999658032 66450517
999658079 648226307
999658124 654702353
999658134 461256256
999658338 53299487
999658625 106409696
999658649 217589438
999658862 444265723
999658925 773711129
999658969 158132251
999658977 517870249
999659062 494240220
999659210 34506573
999659220 210160143
999659413 376055019
999659467 175809512
999659559 326529582
999659729 287378389
999659779 676635410
999659950 776150716
999659983 245352776
999660053 992747160
999660156 771547385
999660169 292960621
999660248 803357417
999660365 829924602
999660591 236769253
999660803 246174121
999660807 356859640
999660901 142910803
999660932 743574886
999660948 50384697
999660968 37610805
999661047 497189119
999661070 287005300
999661071 28437774
999661133 383988662
999661193 865589793
999661377 23056103
999661459 450308620
999661577 122013075
999661627 70581039
999661763 894815088
999661816 297489101
999661883 93382517
999661884 340479775
999661952 575455545
999661979 801146714
999661982 26692849
999662166 574267450
999662420 659608408
999662544 344655983
999662578 730155620
999662682 760393976
999662721 137029409
999662830 692851802
999662924 659573179
999662983 770776324
999663122 26404760
999663229 310786888
999663251 67931667
999663470 374235752
999663509 723441139
999663529 406591041
999663534 737671815
999663642 112082990
999663716 556089002
999663721 96459351
999663779 42191108
999664005 187774206
999664042 580162193
999664045 356636626
999664139 185584251
999664183 47854473
999664220 746392271
999664326 24845860
999664507 904356373
999664636 584760350
999664785 278641393
999664890 252187187
999664923 97933214
999665082 45500588
999665391 103326062
999665416 152243560
999665568 515935069
999665669 468122054
999665677 605646615
999665759 569155231
999665813 703066027
999665849 519092721
999665911 914403660
999665939 81504743
999665983 262692384
999666054 919379203
999666136 59404213
999666140 982124854
999666408 230055337
999666419 667971571
999666471 922889966
999666474 218755411
999666503 83380446
999666654 784113225
999667007 170397644
999667025 63378987
999667142 924730054
999667187 380354818
999667503 597772037
999667552 423026249
999667633 442010639
999667770 582005729
999667812 813986751
999667923 240924654
999668018 42592133
999668056 721101878
999668090 29178738
999668172 694078428
999668254 55938957
999668341 39078063
999668545 616835576
999668582 480853715
999668811 435359583
999668881 559693723
999668884 411407074
999669053 750448166
999669084 545565431
999669312 764111641
999669314 608001772
999669345 875192900
999669650 37408396
999669659 24062817
999669716 306111019
999669803 858135546
999669810 981208969
999669978 984451774
999670002 49771714
999670079 171465003
999670167 631191548
999670308 844573484
999670343 674948349
999670412 150065338
999670489 651445896
999670502 124184159
999670535 872569880
999670625 623311468
999670655 54127663
999670661 44211712
999670698 174390083
999670784 924848277
999671129 368643271
999671137 452120984
999671163 730165146
999671408 142017745
999671451 14150181
999671579 686353380
999671591 641729997
999671664 355159723
999671771 33892625
999671778 481874800
999671782 88825473
999672072 462055778
999672090 361695605
999672106 904547142
999672147 990935496
999672175 4870191
999672424 916285713
999672489 272175973
999673230 300670550
999673346 133589916
999673444 102691277
999673636 838347948
999673712 708782178
999673743 216796490
999673805 424537944
999673835 5582538
999673992 534332157
999674095 627022405
999674421 331373620
999674469 333572637
999674524 40461516
999674781 71356028
999674810 81245233
999675211 627605332
999675276 104904984
999675315 486256321
999675321 337929149
999675348 490225596
999675456 581195827
999675557 795988524
999675776 234092098
999675834 984814118
999675938 999687203
999675973 701563938
999676065 976186278
999676120 211600186
999676155 221188822
999676176 465821954
999676435 658698675
999676676 988789007
999676852 378340083
999676911 58204080
999676918 777342204
999677242 874570601
999677324 514585007
999677425 350596689
999677530 592880662
999677670 94218569
999677740 643841535
999677976 910954452
999678090 818463145
999678111 741245500
999678191 207034665
999678382 74301179
999678440 19473277
999678448 967131484
999678566 124598536
999678624 685794571
999678681 260853480
999678730 41419376
999678889 228651963
999679172 808753216
999679246 440025242
999679614 718430961
999679717 870449605
999679757 853988188
999679828 894427917
999679853 120032938
999679919 259963189
999680044 670422918
999680169 803764335
999680242 428533837
999680277 726253554
999680317 740801853
999680336 10784070
999680429 588181632
999680524 220971349
999680560 335755095
999680645 779840213
999680686 48184455
999680692 9190784
999680906 287692683
999681172 844949978
999681250 723843088
999681260 910781614
999681328 562054545
999681335 441121290
999681372 504318387
999681520 402913638
999681591 904333014
999681675 462666190
999681690 193850433
999681749 847973459
999681872 338241164
999681938 509826466
999682027 38372531
999682099 582108409
999682452 735893518
999682631 621663967
999682639 685098990
999682714 185380893
999682728 941172745
999682746 886129610
999682837 83975875
999682952 118331123
999683006 31111288
999683058 998646336
999683150 965124766
999683235 286407063
999683296 486181728
999683602 883574641
999683615 146179119
999683662 252360413
999683771 444083375
999683782 391886083
999684033 489166199
999684131 184558321
999684490 986326906
999684583 573827269
999684586 32636803
999684725 21951664
999684756 707752429
999684857 419083786
999685023 10339548
999685041 101399196
999685222 9515736
999685280 142183846
999685298 223979079
999685363 965725581
999685394 327959752
999685435 609044679
999685452 533340271
999685489 517314574
999685505 242425833
999685549 132714086
999685564 601490691
999685594 343546036
999685604 562852743
999685699 299011384
999685813 456393352
999686256 783676365
999686261 725963548
999686287 398418431
999686402 939432291
999686415 277201571
999686435 53634532
999686662 108996231
999686736 70560855
999686816 992281697
999686823 960720232
999686898 323652122
999687190 139081642
999687325 530177212
999687335 307186093
999687338 120201826
999687366 283151032
999687543 577195560
999687559 261410193
999687565 722203752
999687720 554724148
999687810 264997111
999687816 257640353
999687971 647643171
999688046 270193609
999688074 89466210
999688160 567874317
999688186 696701229
999688224 5727347
999688304 637821519
999688448 244981739
999688563 461846927
999688862 28395935
999689267 317899777
999689426 701858934
999689753 89302094
999689775 401856710
999689985 125829281
999690041 694650003
999690128 929887422
999690149 118997392
999690395 335771046
999690417 5636480
999690474 523236498
999690476 619705213
999690532 630315958
999690564 167930341
999690686 608047462
999690694 100048404
999690708 94742546
999690779 161984627
999691032 3802886
999691091 732025470
999691446 994211325
999691541 651252547
999691609 781740222
999691763 713535697
999691802 22438972
999691917 284642620
999691970 977359572
999692036 35530870
999692070 391143034
999692108 442046131
999692154 463509599
999692308 511244389
999692379 560927577
999692381 972728637
999692450 394148294
999692881 145742053
999692951 197489720
999693223 103000171
999693256 32404133
999693298 857677597
999693305 125817619
999693369 568886870
999693414 535415687
999693426 545898392
999693506 910612446
999693565 595244757
999693718 682428121
999693759 884934546
999694092 229825915
999694100 487835885
999694253 212185886
999694298 846843112
999694351 64968218
999694425 297707443
999694443 998994125
999694570 507652754
999694604 461686718
999694727 73964619
999694731 414796669
999694752 466498870
999694840 730421879
999694841 170857758
999694875 350647366
999694946 61925567
999695089 831925451
999695249 666310869
999695298 11681044
999695399 233717679
999695580 454173537
999695591 325927134
999695625 605258939
999695676 457812995
999695690 43384444
999695754 777499212
999695887 941837878
999696108 810247628
999696142 76412160
999696342 673317766
999696416 1115483
999696603 254992827
999696726 569074111
999697032 268827801
999697050 692837691
999697366 671311454
999697401 191205330
999697496 689174696
999697537 917763473
999697549 184797870
999697555 796953864
999697566 520984000
999697663 321085547
999697811 712511445
999698120 360493240
999698426 831216471
999698570 994700203
999698593 694111018
999698637 767336927
999698842 579159177
999698893 846916972
999699279 793120781
999699413 847522326
999699435 634644258
999699445 723553070
999699553 4521700
999699602 595786849
999699897 281941665
999699905 474055297
999699923 765512506
999700069 75994055
999700172 697074041
999700237 695166288
999700294 4634492
999700370 58116086
999700384 753040787
999700641 467563467
999700825 438590777
999700889 408254377
999700927 893831702
999701015 905724053
999701148 936212840
999701393 479662315
999701532 219619843
999701579 463264570
999701582 298390385
999701633 976622197
999701750 667386520
999701803 769593408
999701844 2711746
999701898 872454136
999701950 52260753
999701975 209929876
999702342 780077519
999702441 820266676
999702466 360705315
999702521 940859470
999702628 470808983
999702712 336475977
999702887 872478941
999702948 498580907
999702995 822636928
999703092 30165281
999703377 892723177
999703385 441191235
999703512 19530534
999703661 113081437
999703758 811179371
999703837 556737958
999703840 507964677
999703968 75034017
999704196 29065926
999704312 378980684
999704332 115710757
999704463 79383873
999704543 44811540
999704609 278298955
999704632 246514680
999704687 897426803
999704900 572323997
999704903 714065397
999705041 971646843
999705662 478729931
999705758 108906059
999705788 314020623
999706018 978099573
999706042 800009341
999706109 731325184
999706321 243803105
999706434 963876870
999706443 273452384
999706510 901325177
999706548 977173445
999706689 369184317
999706741 575927276
999706800 317605572
999707223 53150494
999707331 838474694
999707409 705780472
999707493 22683046
999707505 907150967
999707642 317150526
999707661 782453356
999707829 103383008
999707831 720362756
999707848 139862074
999707891 157381872
999708228 80011557
999708446 193034542
999708453 71490978
999708515 151442143
999708529 532187874
999708926 48939569
999709006 177440812
999709113 741415183
999709151 901795792
999709170 148981664
999709182 313970991
999709259 779825304
999709288 16365519
999709306 618975942
999709365 799249230
999709398 334021722
999709399 25935438
999709492 332517513
999709699 259298760
999709870 854752063
999709953 661693113
999710132 692840293
999710153 641068433
999710281 608545474
999710840 261371052
999710970 907712402
999711051 633673139
999711109 388255672
999711232 531169593
999711359 124559074
999711649 777013263
999711700 224330653
999711705 110753583
999711769 316454232
999711830 789758408
999711914 21135815
999712161 546529755
999712276 336422614
999712351 614439097
999712676 91844445
999712779 589132318
999712851 446292116
999713183 724345397
999713340 391070488
999713361 589039015
999713403 632792800
999713473 851388693
999713558 414888910
999713586 763584859
999713641 475698142
999713724 497220963
999713828 654908652
999713830 630194414
999714075 964814121
999714099 238308178
999714114 636566660
999714148 582237962
999714324 81274379
999714339 52769143
999714603 511798565
999714644 8287812
999714794 575674080
999714805 490399873
999715240 878648031
999715323 38497835
999715522 373753664
999715692 868661274
999715719 630203520
999715766 89521419
999715772 310449458
999716143 666297209
999716256 572790138
999716395 153628336
999716502 52305909
999716538 135775576
999716561 791937507
999716586 803965351
999716628 313150519
999716727 123305038
999716757 208234726
999716783 835740561
999716839 938237632
999716904 175549798
999717027 10358855
999717222 320189400
999717238 116182388
999717295 9851882
999717296 90261965
999717305 775442760
999717380 356637909
999717408 845791847
999717495 965894715
999717501 806059237
999717775 654129974
999717783 873820608
999717892 692535641
999718062 200416775
999718155 132903911
999718202 493342479
999718381 630864517
999718434 564052590
999719088 465063348
999719138 15222464
999719247 886345731
999719274 559595252
999719278 314659381
999719298 579695728
999719373 248353947
999719507 300023152
999719538 12962589
999719544 510838947
999719601 988847840
999719856 750811929
999720005 433765005
999720013 302048274
999720093 320243624
999720097 213566338
999720325 833722589
999720341 195628898
999720478 749144990
999720568 553703797
999720578 879886817
999720725 941177439
999720797 827538217
999720861 676852775
999720899 994157945
999721048 912593678
999721135 19530632
999721136 863285144
999721212 95544258
999721290 378263694
999721517 153307534
999721609 435396480
999721625 965628006
999721638 450700658
999721698 716972041
999721715 400325987
999721799 142646893
999721929 447933254
999722224 70842827
999722379 711846835
999722384 653159737
999722420 1687003
999722423 663760107
999722455 303856263
999722590 49761992
999722633 58313702
999722773 943631650
999722794 770563483
999723007 971560927
999723072 715557714
999723130 805903192
999723162 998011275
999723281 16957879
999723311 672440953
999723343 303922259
999723529 381847431
999723552 115012873
999723601 460060440
999724523 911470698
999724621 567274605
999724625 887042663
999724726 693886109
999724848 811865091
999724861 180779478
999725070 45478630
999725118 50302376
999725206 493051239
999725377 490378680
999725495 417620163
999725728 409922531
999725779 652069770
999725859 842588673
999725930 57514075
999726005 46477809
999726024 5676417
999726065 646508311
999726201 116301220
999726246 144846148
999726301 744850354
999726357 417368098
999726472 254083278
999726505 765238314
999726593 767732949
999726653 716867853
999726666 301435988
999726947 838512501
999726957 256730668
999727125 277228712
999727639 697409858
999727952 628895236
999728012 271135440
999728037 729131240
999728077 518747438
999728185 877240644
999728206 33607566
999728717 367691091
999728737 831539686
999728738 696658749
999728746 140838452
999728748 273726830
999728941 654817438
999729057 702598056
999729166 142910428
999729273 694222753
999729436 448212242
999729490 442539661
999729732 655206701
999729940 664491835
999730020 230745893
999730108 426893516
999730165 144986416
999730206 909789936
999730374 832191690
999730427 48890084
999730492 688346557
999730507 381865428
999730591 37441224
999730654 358335207
999730772 741882429
999730957 942350338
999730976 699798704
999730987 27908177
999731048 626116589
999731097 791007732
999731242 511175293
999731253 437437420
999731387 623923554
999731645 848516166
999731679 100692800
999731743 6410136
999731780 524416895
999731841 371414010
999731901 307879242
999731959 514837259
999732065 932197301
999732101 595926329
999732223 47200676
999732279 894051641
999732293 18864832
999732309 180421194
999732320 145198083
999732359 743725917
999732409 819548631
999732648 706603109
999732675 396172919
999732799 447586339
999732802 683234575
999732841 954154315
999732883 127911365
999732909 583355111
999733263 28551659
999733389 53444233
999733585 684313723
999733694 429894855
999733781 896815443
999733792 18327617
999733816 971737677
999733982 285906461
999734072 103949703
999734074 7846071
999734086 521461670
999734244 728250720
999734246 376742074
999734333 694310051
999734436 97354235
999734503 644573403
999734510 874688484
999734578 540827779
999734594 194873753
999734785 220448231
999734938 66285855
999735187 612763788
999735343 293755953
999735353 258880533
999735405 102060045
999735448 136665237
999735468 878131568
999735488 78754528
999735574 797979236
999735602 649956173
999735745 419746830
999735840 874773939
999736013 83494606
999736133 457404158
999736206 25905473
999736546 919692633
999736617 128346931
999736666 796528658
999737268 302083408
999737460 976262039
999737491 940288008
999737573 978694852
999737633 339377746
999737673 398124296
999737796 230502628
999737928 428534414
999737964 765197617
999738291 659933951
999738315 312594697
999738551 344029096
999738569 22783730
999738697 67678628
999738775 965410789
999738894 416228277
999738951 320638285
999739197 151660843
999739260 238052915
999739268 68012845
999739277 704722080
999739429 697347967
999739657 901981172
999739738 951761700
999739739 351195022
999739795 552151171
999739803 724292842
999739806 968403760
999739913 921202516
999740387 420053069
999740664 919419090
999740813 610412431
999740938 639305538
999741147 67106725
999741150 26586496
999741197 436649917
999741238 873198873
999741256 487270432
999741433 141207736
999741439 127088164
999741442 572175536
999741482 216782224
999741489 39423833
999741604 319786977
999741754 946207748
999741763 780885161
999741884 966432606
999741974 411712977
999741998 129627987
999742000 234722926
999742031 383129524
999742255 232932716
999742260 816812794
999742277 394087597
999742286 95027631
999742351 743961267
999742356 137944082
999742388 828775221
999742538 641726384
999742594 592726821
999742681 225199830
999742728 417242229
999742813 447399201
999743005 42404074
999743300 792288239
999743328 558426162
999743369 543109098
999743385 868490205
999743831 548857133
999743854 716049888
999744013 594261678
999744024 98242932
999744078 59904407
999744305 273760343
999744397 749035548
999744710 641772287
999744791 855268246
999744882 679651107
999744994 977904350
999745100 743283773
999745108 277033484
999745135 485090004
999745235 661548342
999745271 932684653
999745316 402989133
999745327 15365878
999745438 760035363
999745468 484225245
999745554 72508118
999745787 894110579
999745866 411822367
999745867 847399290
999745885 885251342
999745997 307790465
999746252 541940378
999746275 630217584
999746411 38701714
999746434 153869399
999746471 146792918
999746569 50477042
999746571 263208920
999746644 925684899
999746839 83502052
999746842 936490375
999746911 452562439
999746925 68245609
999747085 574207281
999747138 46864496
999747164 690017935
999747250 642946884
999747348 342221898
999747399 100701144
999747639 882879869
999747732 942943738
999747774 856822443
999747896 356236952
999748089 830689156
999748131 792159824
999748440 54362510
999748449 976779810
999748587 370665527
999748619 797884254
999748623 385350218
999748635 677356685
999748906 679849732
999749012 779642807
999749107 594224091
999749126 19238553
999749170 279106361
999749203 104162786
999749313 981082516
999749383 959522714
999749401 592886372
999749448 248065818
999749591 311778167
999749675 310069161
999749808 898485784
999750026 104840324
999750086 599968044
999750102 959693171
999750228 610197692
999750524 845752949
999750533 769997165
999750562 197882905
999750582 184679271
999750716 50353333
999750792 498357888
999750819 984387140
999750909 437474879
999750933 640202838
999750975 86895294
999751095 942072396
999751128 106549023
999751313 190995858
999751351 886939488
999751467 35031614
999751505 477769523
999751556 290023802
999751577 88538988
999751593 977098790
999751780 988918602
999751812 794042555
999751815 643659825
999752008 233483899
999752154 660091214
999752305 153201812
999752377 642200531
999752438 431965492
999752493 388474025
999752571 84450197
999752604 645447657
999752679 291688996
999752680 362030541
999752851 494625370
999752874 560134609
999752916 656547015
999753120 583954009
999753157 389800974
999753237 452508912
999753281 382950769
999753358 851882334
999753517 223629868
999753522 710830014
999753578 973266205
999753600 507499712
999753723 877927017
999753763 519716679
999753912 177486165
999754017 814230858
999754054 920845455
999754165 880140864
999754206 646943984
999754243 127686604
999754546 897393361
999754599 572697545
999754672 21899857
999754748 469424475
999754859 894364808
999755098 801251637
999755442 755431429
999755563 850466056
999755794 61460864
999755875 514248762
999755886 129059539
999756015 121970711
999756016 156865790
999756050 61739516
999756057 996085838
999756060 997355114
999756215 148771084
999756550 989042871
999756574 581772692
999756649 513921385
999756900 845916059
999756919 46215170
999757297 106307215
999757403 428345795
999757406 216042477
999757489 813023582
999757544 59905349
999757683 504033488
999757712 936966774
999757723 315971535
999757767 439790945
999758025 913532901
999758027 945317603
999758057 984442163
999758096 464939822
999758186 720709140
999758192 198807462
999758460 284147010
999758538 700335085
999758663 368280797
999758765 255247574
999758789 261803791
999758822 869040494
999758874 292825866
999758921 146305144
999758945 646443867
999759231 564260184
999759288 443439272
999759329 418958758
999759371 184328391
999759410 661505008
999759437 566557705
999759489 387000648
999759762 122266541
999759794 378168631
999759875 163019676
999759889 888839927
999760025 342477369
999760450 586751524
999760496 581934437
999760576 758480965
999760820 49677784
999760888 218867246
999760989 986479102
999761126 767222702
999761258 234952900
999761296 84712044
999761531 320176679
999761766 956464679
999761779 181155943
999761876 319235692
999761888 408383091
999761966 367404131
999762163 129995171
999762326 846474608
999762351 664312686
999762362 975860294
999762660 591366366
999762787 350233567
999762828 864465075
999762882 159051016
999762928 338576344
999763123 464720867
999763391 480732610
999763400 728489050
999763690 977221512
999763700 742897004
999763761 837994128
999763784 589943778
999763821 65121481
999763950 124328400
999764327 31208171
999764343 275605867
999764383 174818050
999764467 139267883
999764474 210977396
999764524 912044751
999764600 92701608
999764613 259448882
999764976 72875549
999764984 43015567
999765057 747210311
999765290 849866874
999765331 557419907
999765492 732199505
999765605 71076752
999765668 136557855
999765764 302576497
999765797 624971780
999765861 556142433
999765964 386796567
999765998 283184839
999766065 50713130
999766183 482584411
999766276 489626707
999766326 466957825
999766368 910528556
999766415 638448137
999766499 546146469
999766522 32747308
999766538 274533264
999766572 285775419
999766684 179270061
999766706 935805248
999767034 895360442
999767040 481975394
999767217 854116235
999767249 137806579
999767428 208132757
999767632 729932562
999767735 676825551
999767762 147870455
999767889 533220399
999767919 562774713
999768193 595002095
999768455 699849494
999768478 282949544
999768515 655874325
999768691 304792247
999768808 311607145
999768941 305325902
999768972 483044218
999769094 792359010
999769377 196637400
999769501 12035556
999769586 401707174
999769599 910331307
999769674 91450285
999769676 49402681
999769801 421175588
999770136 281585057
999770212 818170080
999770482 163588504
999770832 693334702
999770847 591672735
999771198 906040921
999771243 819079731
999771512 114499704
999771585 927983061
999771744 187491768
999771794 98533710
999771844 104960982
999771909 636311396
999772254 878692545
999772268 218814839
999772364 865836441
999772383 18828187
999772537 789989449
999772803 112963358
999772841 824810740
999772856 90633848
999772934 983080326
999773033 438594278
999773055 551378566
999773145 540086787
999773377 378756188
999773421 94058932
999773527 879803973
999773622 895570893
999773801 428772911
999773998 295685771
999774048 556490825
999774229 803166589
999774357 987857305
999774472 69378638
999774496 260799671
999774541 999886334
999774639 79606634
999774777 55768350
999774955 2343386
999775170 942449339
999775195 262353161
999775199 378353299
999775373 894341865
999775710 608493365
999775730 103576809
999775755 61199076
999775777 790595159
999775870 423980553
999775875 36944935
999775898 678653756
999776137 900186036
999776231 481771652
999776315 441153769
999776382 126933949
999776613 796399711
999776675 583771019
999776843 924244787
999776894 866613628
999776939 847749040
999776955 57909754
999776998 490039933
999777024 644905807
999777182 170381690
999777249 620608117
999777464 619719452
999777513 251068474
999777632 419694786
999777708 145301300
999777800 606026631
999777825 873247437
999777826 497251233
999777942 282646572
999777957 390481705
999777993 970552740
999778148 84333752
999778190 273575581
999778382 192040112
999778482 347987072
999778581 900167673
999778593 16712581
999778731 687879278
999778848 113567290
999778916 260261277
999778962 127297161
999779010 886298276
999779018 129615014
999779356 437903078
999779422 882234889
999779522 421971551
999779853 459261234
999779910 452426091
999780042 252203902
999780143 513675089
999780198 541332706
999780226 153542777
999780499 828054418
999780518 104118305
999780651 760119680
999780698 516113465
999780931 796017261
999781101 237136951
999781102 684455997
999781119 857836039
999781140 964280355
999781166 690010472
999781199 889143979
999781231 558945898
999781390 510822467
999781423 43087958
999781476 127871683
999781717 189996173
999781812 346022117
999781849 415537897
999781970 131550656
999782086 582465266
999782124 936096180
999782183 296363481
999782189 951390605
999782448 250381105
999782631 640034178
999782700 519019610
999782839 361218061
999783041 120274826
999783191 530902374
999783276 581152110
999783476 549051077
999783546 811192713
999783555 625864496
999783608 315796095
999783612 31695876
999783652 189357737
999783732 359659319
999783875 214397841
999783998 134248375
999784151 779340762
999784245 375439266
999784393 639113332
999784422 727552642
999784452 897507851
999784509 488644688
999784647 793305844
999784773 677556256
999784874 555264501
999785039 225489353
999785129 38993272
999785141 895976040
999785167 705124310
999785324 563889011
999785485 851939676
999785575 530150950
999785992 23353497
999786030 321759216
999786100 532758552
999786102 324559213
999786149 588863202
999786247 590887878
999786277 242891436
999786469 127560882
999786667 588431304
999786737 173659937
999786799 286902493
999786888 16872212
999786954 551055749
999787240 378125775
999787277 225629265
999787346 574475619
999787371 159942499
999787504 767925809
999787535 392891339
999787577 120362944
999787649 966031441
999787759 771427408
999787878 199444655
999787883 278280798
999788020 989298434
999788023 810038783
999788163 216265009
999788188 679706231
999788580 47052993
999788645 307024830
999788876 682761633
999788895 87420860
999788901 760125050
999788918 977298649
999788991 974543819
999789015 141669958
999789359 421678363
999789550 662260202
999789639 596708972
999789692 17048910
999789781 435403238
999789856 218233129
999789914 779378292
999789993 938582261
999790125 883463403
999790233 541010345
999790388 490571643
999790405 99201279
999790464 512182148
999790489 442139513
999790579 747579945
999790595 447463105
999790899 820504928
999790962 996494910
999791060 357268810
999791091 675695299
999791347 474020844
999791426 201251228
999791532 124752793
999791557 750262452
999791561 518396383
999791575 573623304
999791583 936440897
999791632 872336456
999791702 151239216
999791766 780369543
999791860 989022387
999792014 406374443
999792129 999007626
999792145 802879748
999792257 12681842
999792306 907892673
999792578 74524658
999792594 299977849
999792717 51773132
999792868 859126535
999793052 161782834
999793194 591483182
999793344 322204883
999793437 961622580
999793546 23123403
999793625 201875912
999793823 469372283
999793827 113958491
999793851 836653916
999793897 942462603
999793966 32885997
999794172 525239230
999794223 265986823
999794248 390177593
999794454 805923310
999794507 790533929
999794593 605224385
999794622 446487858
999794632 871100715
999794689 670038801
999794714 311076608
999794727 117618898
999794830 1779956
999794900 610475699
999794907 936984382
999795081 568029475
999795106 222925489
999795120 937440078
999795163 399260116
999795179 776243872
999795243 327138744
999795349 4098922
999795417 905363288
999795587 194913584
999795611 825264517
999796000 17740702
999796050 95710126
999796079 309590399
999796163 169625485
999796273 141342890
999796574 177644851
999796676 239923517
999796912 52427322
999797055 226961848
999797060 310702227
999797227 116216234
999797340 684827420
999797386 775875444
999797446 953984271
999797625 277336807
999797722 237870402
999797819 757736448
999797880 400732453
999797938 753542503
999797957 61980166
999798025 470492848
999798111 491720964
999798198 838001970
999798431 183822959
999798472 527925948
999798762 670759947
999798775 689220129
999798955 260812856
999799039 416248904
999799060 178450072
999799096 959170226
999799101 323399868
999799188 975064339
999799222 247422177
999799424 33574945
999799440 840757637
999799504 451313225
999799510 90485552
999799575 400156131
999799797 571479541
999799857 820121416
999799875 40779735
999799966 722118127
999800111 812864338
999800192 563845449
999800236 98834223
999800367 576402260
999800387 57979322
999800440 104420206
999800467 142231201
999800511 537649578
999800522 204589642
999800584 450776987
999800850 194400599
999801095 13704871
999801251 116730109
999801310 26100736
999801324 74212089
999801416 676989555
999801715 701374367
999801760 330011987
999801788 226377766
999801849 502674359
999801914 318228372
999802025 25322426
999802354 81597490
999802378 25281177
999802392 352822153
999802565 600020430
999802599 25671562
999802678 628574690
999802858 877632265
999802869 463601268
999803228 83673985
999803250 400996400
999803306 376344035
999803378 925189564
999803483 292926165
999803541 459709499
999803688 64949673
999803780 599686761
999804130 918039427
999804310 231331655
999804367 46038415
999804459 881015806
999804554 228246052
999804900 31085410
999805020 443372156
999805023 583233021
999805148 568833125
999805280 606294871
999805344 913591285
999805501 58649494
999805565 821095526
999805589 511298924
999805609 702263852
999805796 968206645
999805971 575608236
999806046 20341778
999806104 953677257
999806128 564629146
999806432 163998978
999806542 705594244
999806593 673982022
999806608 764161170
999806781 484645635
999806848 131759905
999806925 125335520
999806934 189500018
999807000 756661519
999807130 930457368
999807145 600801192
999807203 88037236
999807312 921733731
999807500 82788754
999807647 535639750
999807694 189185402
999807807 94362403
999808021 429072682
999808132 448421729
999808179 379480610
999808186 767346422
999808234 300512247
999808240 652202156
999808392 330673929
999808446 327457212
999808482 401688141
999808534 857969178
999808646 523630638
999808694 124667358
999808761 48641886
999808768 795118864
999808920 702384485
999808997 534408666
999809101 168304046
999809455 64035351
999809465 213433651
999809935 295942531
999809941 573397244
999810266 136993075
999810489 446609321
999810525 816041883
999810528 997765145
999810596 147506977
999810621 555616330
999810952 159878589
999811080 214851737
999811172 406174970
999811184 337145684
999811256 850329151
999811584 127942506
999811702 431521292
999811712 51121782
999811754 28078897
999811765 600401673
999811800 119909509
999811837 19463413
999812071 917565507
999812156 856375052
999812287 628368236
999812495 710589367
999812501 115865501
999812600 341265138
999812725 498076907
999812788 139724138
999812858 32082350
999812919 357508035
999813032 949217175
999813106 139761253
999813120 240978286
999813178 264649064
999813256 383531440
999813273 236236553
999813474 7660758
999813500 458436845
999813517 421194234
999813575 665232068
999813720 57637542
999813755 372397321
999813769 853792115
999813892 322591925
999813934 206993621
999814081 731838540
999814157 995632136
999814163 784073025
999814219 251466016
999814340 744869295
999814503 646452344
999814527 291202487
999814541 679620918
999814651 337768773
999814672 620752567
999814761 275885530
999814767 134822534
999814908 832049294
999814915 327276347
999815022 409308852
999815049 410247489
999815399 31985551
999815442 225517042
999815471 360720459
999815515 958605502
999815704 216522237
999815818 665871028
999815913 80269932
999816071 947513053
999816343 464479942
999816447 728177198
999816527 826776445
999816558 914246152
999816564 304392923
999816796 241855162
999816856 719817579
999816920 59738723
999816924 49418054
999816997 651194836
999817086 104740880
999817146 57445731
999817348 743493847
999817505 874321523
999817588 644017411
999817603 933092212
999818049 93363605
999818098 100891447
999818130 843823254
999818204 480975990
999818492 63296392
999818656 758774235
999819038 783753642
999819182 46458722
999819420 39483535
999819464 808402063
999819578 228568006
999819767 481547396
999819881 346697506
999819956 484321761
999820230 693811126
999820257 74512115
999820314 993953657
999820335 789488150
999820417 624798087
999820423 78391775
999820426 236195344
999820515 193319259
999820568 19413067
999820578 957142341
999820729 606352579
999820750 874385268
999820796 937502651
999821250 408960755
999821399 802902673
999821512 983174259
999821784 122406074
999821803 631102927
999821847 514957770
999821896 396157296
999821953 297413814
999822160 141359813
999822258 95916509
999822259 842851002
999822314 820537605
999822368 515506140
999822547 153137401
999822971 187909728
999823035 572106874
999823037 809698414
999823065 536081612
999823133 961288355
999823234 249152275
999823239 652485544
999823536 627910702
999823842 51626751
999823861 647325651
999823876 311429846
999823911 719189941
999823971 354469205
999824059 691713828
999824119 220658695
999824128 39167935
999824261 48496630
999824378 847840513
999824450 46101925
999824495 113139922
999824766 145055849
999824772 422100947
999825059 877595594
999825085 967411153
999825108 906641764
999825151 333855758
999825277 951532832
999825677 733552552
999825686 662268336
999825749 442882048
999825916 287276125
999825937 430307471
999825953 718944609
999826010 18672252
999826020 319237608
999826406 104475864
999826457 36754684
999826474 240443118
999826505 535658905
999826696 491273204
999826847 938899678
999826854 332319254
999826946 939716925
999827036 769064038
999827064 661456520
999827381 864831923
999827464 541221567
999827490 200279659
999827616 44676418
999827709 32045355
999828240 841097582
999828253 866390114
999828284 338098401
999828337 251224009
999828363 296772339
999828390 706174104
999828584 900168727
999828725 937950930
999828727 517268851
999828758 433305347
999828954 33206141
999828971 549470980
999829003 51398809
999829032 27058050
999829066 863503494
999829096 995785085
999829102 724568688
999829319 492759218
999829378 719803341
999829427 483243272
999829459 877570243
999829632 795336499
999829755 483444906
999829845 958474562
999829967 478906901
999830020 629386723
999830106 513545800
999830188 122960092
999830190 423992150
999830268 963028368
999830340 547363257
999830381 883310461
999830540 891631549
999831194 987846022
999831208 592596146
999831339 249210224
999831364 500579815
999831407 994839180
999831521 224205817
999831698 141850406
999831755 545524754
999831848 395956001
999832034 821618789
999832093 125328183
999832116 413642268
999832257 315208897
999832459 498808182
999832525 521189855
999832617 848758623
999832666 454329235
999832778 660187400
999833087 709846904
999833372 109514044
999833489 536680159
999833513 400979352
999833604 396635657
999833630 326480522
999833666 862392551
999833732 434625132
999833771 424962939
999834208 673415028
999834219 895556839
999834220 171357959
999834236 84020630
999834331 144332695
999834405 878860290
999834688 41191024
999834742 387511466
999834752 842800999
999834767 826456186
999834797 793610516
999834990 421982412
999835110 841438770
999835160 707773860
999835204 380978755
999835245 79330766
999835381 456856299
999835418 96534309
999835530 35732301
999835739 172407002
999835746 793175101
999835793 439837355
999836256 596378576
999836626 963978926
999836787 764020274
999836970 813312192
999836996 62608257
999837052 975648308
999837170 534691964
999837223 196555342
999837271 977098238
999837292 123824916
999837313 808948711
999837357 862329940
999837415 489003837
999837515 524070160
999837551 579879777
999837590 271923335
999837721 831618252
999837895 798536882
999837959 332107233
999838018 118932715
999838054 814606150
999838216 666488921
999838287 335312311
999838337 324268077
999838397 908515850
999838541 780742652
999838565 546538429
999838699 797272154
999838804 731955045
999838874 880327401
999838884 135565002
999839341 613716121
999839360 520328811
999839467 80834240
999839509 367536398
999839583 742615938
999839748 427535448
999839813 674858451
999840017 84728469
999840031 152242264
999840062 712050963
999840205 132312823
999840279 70023511
999840647 63700165
999840698 158450644
999840802 108797959
999840850 385622868
999840883 527597967
999840907 588169388
999841004 293678727
999841051 566420430
999841148 401960888
999841166 863904762
999841215 484697699
999841231 719808999
999841356 601044298
999841382 738787675
999841499 43623575
999841602 113698995
999841607 997269997
999841817 542880718
999842027 313528331
999842030 790011385
999842058 999703827
999842068 715920161
999842100 281139899
999842111 164177349
999842157 507541238
999842399 81989913
999842436 480909429
999842566 52923520
999842616 743655200
999842676 910249492
999842834 102441043
999842853 740830045
999843002 376193638
999843252 913397174
999843274 384957124
999843289 923326312
999843313 406500004
999843475 155101427
999843733 975970129
999843895 875635642
999843931 809696045
999843965 219630948
999843990 630030751
999844033 553536814
999844116 25362747
999844159 127743059
999844260 689997442
999844483 23620467
999844599 555753047
999844606 406811010
999844622 853411056
999844695 57005462
999844813 965856236
999845131 950445311
999845347 578022346
999845395 354051259
999845686 229058000
999845842 118621880
999846133 873803839
999846151 133380395
999846224 890488153
999846498 311065571
999846525 159215975
999846760 994846888
999846769 687559887
999846799 897265529
999846915 349291744
999846962 497081907
999847133 297958805
999847270 949585083
999847320 105526643
999847365 646658626
999847526 251954157
999847723 717901181
999847840 622959614
999848002 128912676
999848084 158268200
999848116 507030109
999848203 410998896
999848282 814830662
999848286 432586025
999848355 579524523
999848526 301997130
999848566 502548306
999848649 892017082
999848723 26901488
999848732 28187724
999848827 531845604
999848862 539150010
999848964 217765064
999849263 533341540
999849630 656083670
999849713 136053877
999849734 200568260
999849744 788785364
999849788 497786830
999849848 188103965
999849895 349902520
999849921 731103874
999850029 542956213
999850161 221632874
999850188 652362943
999850192 854331653
999850198 355731716
999850279 793961235
999850287 452270609
999850389 644347731
999850530 300326906
999850758 195744466
999850882 802319728
999851005 151662306
999851483 182481978
999851719 81921010
999851924 750225375
999851930 914794432
999851934 647973720
999852073 75671118
999852115 330534313
999852141 529319805
999852603 384646125
999852776 767066091
999852835 217545388
999853057 953122005
999853104 500895396
999853222 315276068
999853230 922594461
999853332 82490470
999853452 880427349
999853597 486432659
999853652 380097767
999853665 938468866
999853699 99938301
999853886 420614236
999854009 620474520
999854297 196560366
999854387 958051977
999854485 548621099
999854551 913381866
999854578 545083770
999854670 574626031
999854795 659057316
999854929 584305105
999854985 831429510
999855035 876673732
999855128 247644784
999855132 40292477
999855177 548893348
999855189 423314665
999855229 834387355
999855427 778346953
999855466 124047676
999855864 905829577
999855935 267958028
999855984 966072138
999856119 250410058
999856276 278415739
999856419 647139493
999856452 726607010
999856633 471208389
999856751 508816489
999856794 428870044
999856857 905769605
999856910 268690598
999856919 999408649
999857043 891880072
999857063 196249172
999857197 567551460
999857361 792047624
999857547 803272564
999857637 330052536
999857666 784960016
999857675 41170999
999857791 919807843
999857815 136367115
999858061 267700154
999858078 896464916
999858258 708942568
999858394 959482841
999858516 713689907
999858834 816223469
999859002 877630866
999859004 417718965
999859062 831997817
999859240 254381598
999859328 42838243
999859741 854775746
999859753 562573949
999859781 733107501
999860041 87422071
999860074 673470803
999860106 172498939
999860165 52915596
999860175 261979852
999860533 135689051
999860740 900976635
999860771 864253332
999860892 64473843
999861095 255937174
999861149 939414951
999861259 809152750
999861319 600574701
999861351 966711048
999861519 648940013
999861572 67656530
999861663 99253785
999861703 910617012
999862064 887043491
999862162 232737794
999862200 179149431
999862338 376992491
999862341 168790081
999862479 407914303
999862491 644500880
999862545 736720028
999863032 929094710
999863055 707650159
999863061 350253042
999863340 216835736
999863551 812907505
999863657 653302408
999863842 158392429
999863876 965324863
999864048 274164340
999864114 313607835
999864411 197149356
999864504 281345939
999864653 704728789
999864697 316164595
999864827 389460026
999864899 427913516
999864990 472979237
999865034 34368051
999865062 924814990
999865110 346329578
999865186 44650348
999865212 316282324
999865495 986292105
999865534 185339139
999865703 505374698
999865763 624000253
999865955 899152298
999866229 626652526
999866246 611583432
999866267 324474675
999866302 406970716
999866364 47021063
999866370 223854705
999866463 76976566
999866617 777462613
999866641 777282100
999866720 706120852
999866936 355163371
999867138 906618406
999867162 517818787
999867374 377229889
999867728 756107314
999867916 660080076
999868057 7421305
999868240 686206603
999868284 969249828
999868410 13546514
999868524 586456891
999868607 198643697
999868642 732300621
999868650 37102002
999868813 881114941
999868862 636044353
999869004 351358360
999869271 706636105
999869314 274664340
999869326 328650591
999869381 156753979
999869407 50856246
999869497 520936789
999869504 255552878
999869746 981997450
999869852 431871814
999869862 965596537
999869991 819388457
999869998 156475590
999870141 604948231
999870171 394440219
999870388 508245225
999870438 296439539
999870595 879990812
999870624 275579321
999870735 838967551
999870737 244741855
999870897 868213249
999871139 306173225
999871586 11543117
999871664 65856377
999871735 586825547
999871965 13422678
999872082 87948987
999872154 493089561
999872189 734359167
999872192 420293771
999872214 928125500
999872329 425873887
999872437 856022952
999872531 693531193
999872780 333860720
999872911 142592
999872913 311728585
999872975 709137855
999873097 450957332
999873123 278660206
999873311 508318825
999873342 132845191
999873391 856071157
999873505 631325723
999873542 22222156
999873693 122524965
999873818 350303736
999873861 404429760
999873972 475043476
999874113 849166674
999874399 103262820
999874411 854455431
999874426 271726048
999874543 252405699
999874562 131036366
999874602 910661072
999874653 623849255
999874816 577672846
999874818 212782126
999874954 548702354
999875049 106377830
999875051 312093111
999875141 128585433
999875198 851391972
999875294 414042949
999875665 642766028
999875695 339254396
999875849 145816368
999875854 210113168
999875883 95240893
999876019 112029229
999876241 507411512
999876341 747486629
999876450 97639030
999876499 872068695
999876615 837861529
999876692 915792525
999876714 575703992
999876717 726507729
999876770 446474037
999876866 905954532
999876871 921474731
999876934 160962124
999877286 86951794
999877372 531997665
999877381 940673479
999877775 144528160
999878017 336463730
999878042 146874895
999878062 751817233
999878093 194908740
999878281 494933580
999878294 305897149
999878301 95857351
999878532 269671745
999878669 171445329
999878778 132947012
999878795 679878832
999878833 611140995
999878884 841363305
999878938 943235361
999879060 463638966
999879153 814759054
999879251 132231033
999879306 404745064
999879415 982720850
999879653 220568129
999879695 51006548
999879868 589931913
999879896 263334252
999879907 886377490
999880057 651834724
999880202 718300810
999880395 408526743
999880445 650879767
999880454 64117836
999880531 560952846
999880677 604152990
999880696 406886200
999880817 481614230
999881024 90513383
999881041 46963791
999881045 307448624
999881058 799889323
999881120 941225891
999881138 97573270
999881219 150119722
999881261 994824038
999881421 223061708
999881430 71163883
999881439 502267450
999881500 511855059
999881683 257252649
999881928 542959800
999882016 588826491
999882111 768326209
999882268 506423579
999882995 238547880
999883012 666759712
999883162 402877093
999883188 107696602
999883446 471072164
999883600 337269999
999883793 969824532
999883799 879721642
999883801 526258837
999883840 75427653
999883874 125242384
999883912 654284282
999883921 531992129
999883931 964107420
999883997 483379449
999884053 782468252
999884112 934227639
999884129 643310873
999884183 489388892
999884233 131836952
999884341 722243433
999884445 373199449
999884707 713850203
999885133 511490201
999885486 778076314
999885487 347139158
999885733 152783234
999885884 761308995
999885955 801780226
999885993 366885663
999886042 702893323
999886048 607145488
999886060 796329675
999886082 459141055
999886120 44313437
999886128 596935402
999886269 827172907
999886410 907653393
999886443 765909691
999886681 621070820
999886691 114545488
999886794 568733940
999886933 376721720
999887054 436603717
999887115 82265056
999887121 680229295
999887247 363331388
999887258 66827078
999887295 650461792
999887322 3152847
999887356 15636933
999887483 143259884
999887516 858607393
999887756 359989170
999887898 542293487
999887990 9964516
999888055 897306155
999888063 409424458
999888067 607547101
999888244 285694467
999888281 540557379
999888405 394133728
999888511 189932771
999888529 556453835
999888752 6579545
999888799 459902308
999888824 47531736
999888868 491961983
999888933 984798906
999889056 131565799
999889247 317736049
999889346 802112454
999889399 52356930
999889449 87768977
999889662 473706521
999889813 285340701
999889915 735807449
999890046 321625065
999890138 176455948
999890314 507156925
999890634 617460473
999891072 33910930
999891277 841715322
999891282 845521708
999891351 618057490
999891475 420413054
999891505 132155344
999891568 659139517
999891618 899020307
999891620 739693817
999891646 859849709
999891654 823834021
999891752 976264172
999891826 64474879
999891876 842519146
999891925 917610001
999891953 848311555
999892272 573091268
999892444 116986855
999892579 13715955
999892684 719793969
999892714 693972703
999892747 107870097
999892859 292236881
999892899 55253220
999892928 26766786
999892977 314710617
999893001 281809195
999893017 254181305
999893024 427839928
999893055 18611621
999893076 885424448
999893160 573048833
999893231 570257157
999893335 507081186
999893351 231503515
999893525 811102551
999893619 697636766
999893702 862634887
999893752 306334116
999893791 392924868
999893888 375172584
999893992 6128980
999894838 487734419
999894839 903333708
999894851 726037293
999894878 923005885
999894907 783978433
999894924 651695746
999894952 220521803
999894994 656660409
999895261 389989879
999895370 458313437
999895690 4398896
999895992 316014383
999896012 461887390
999896047 989695207
999896247 587800209
999896428 684873754
999896470 71234145
999896587 389285321
999896727 763745031
999896768 460875163
999896783 547262102
999896827 516904848
999896832 234440618
999896924 787919961
999897023 688664269
999897063 130721415
999897257 160755001
999897341 157915682
999897375 713914517
999897517 91986249
999897641 169394956
999898080 235263270
999898137 641381008
999898178 840242286
999898244 170728662
999898275 511098396
999898450 735304472
999898616 286394312
999898727 6743858
999898983 943981470
999899181 715740253
999899185 84512579
999899200 811343160
999899237 74879504
999899240 498305300
999899284 551303993
999899309 241298148
999899582 9431969
999899585 320270673
999899741 728211745
999899750 632551252
999899754 367502868
999899773 18252171
999899904 205491608
999899929 567320223
999899937 239123530
999899955 231391871
999899960 34474911
999900077 803030488
999900113 542756528
999900166 5212413
999900168 184579286
999900231 766583211
999900381 510136414
999900415 83119371
999900670 131472933
999900727 866315591
999900835 730050715
999900969 198598815
999901210 852295532
999901301 227642983
999901371 216542919
999901412 885552571
999901478 607473569
999901483 999544751
999901522 85970876
999901618 1482748
999901759 739813889
999901777 871226919
999901782 520070108
999901784 754999603
999901812 219671793
999901846 933167478
999901913 510597921
999901973 623579690
999901976 612331487
999902021 163793848
999902211 615083804
999902222 806484947
999902423 755724624
999902505 657541354
999902508 964994249
999902748 463585026
999902906 145749719
999903242 656712943
999903260 701494669
999903410 852303021
999903467 703226272
999903500 412504424
999903569 865531669
999903863 251611706
999903944 143499727
999903946 68954943
999904048 218245276
999904092 19912825
999904150 583833567
999904157 383224559
999904173 114279469
999904225 656714
999904256 800751880
999904372 904919775
999904551 679438408
999904615 814962512
999904824 50605541
999905151 134144930
999905159 22495423
999905167 69089920
999905252 818686670
999905255 901880327
999905387 729742862
999905408 241122872
999905482 827093833
999905587 97817494
999905596 953395423
999905705 956982814
999905707 747805051
999905758 616672620
999905938 402438224
999905966 159496833
999905975 692857346
999906136 675569193
999906357 620834111
999906399 797527086
999906574 373509716
999906628 51883158
999906657 97533625
999906667 546092222
999906700 598656029
999906733 96140639
999907154 292634190
999907262 470738820
999907397 660269307
999907400 470738228
999907421 938646365
999907480 787266631
999907594 179352683
999907711 60999694
999908142 177144759
999908352 957543076
999908491 167259930
999908527 99264335
999908559 734667710
999908661 224169863
999908689 264330575
999908863 189279316
999908935 217938966
999909048 744943723
999909138 137493248
999909204 372955521
999909227 251609773
999909232 838526613
999909276 953437730
999909352 659035772
999909383 325392663
999909437 952921642
999909574 589827954
999909712 257796186
999909745 215524656
999909865 138941062
999909899 565211719
999909926 576503941
999910151 78414287
999910196 150800722
999910252 905273492
999910418 5444972
999910499 128696911
999910554 103461102
999910645 697883342
999910812 995025513
999910867 553142600
999910959 565428010
999911068 978111335
999911071 800371980
999911072 463148912
999911107 252708828
999911332 630091242
999911342 446301651
999911443 242968981
999911470 226332266
999911676 752054018
999911685 59936776
999911819 161083175
999912150 982230914
999912231 433422979
999912283 564328683
999912341 783373096
999912371 610596247
999912420 368086376
999912516 41613640
999912551 466903231
999912625 880624735
999912787 216393217
999912789 111061724
999912851 276410220
999913051 537062165
999913203 882654390
999913214 878966133
999913254 563233662
999913322 512805116
999913454 801046382
999913485 327489907
999913629 602788449
999913887 159578403
999913934 946488029
999913993 84915123
999914222 688092323
999914265 218102942
999914314 7987121
999914344 391230329
999914512 871636249
999914640 663745811
999914847 306952919
999914878 345500603
999914929 541784300
999915062 297577072
999915143 274241730
999915229 529637968
999915397 594782169
999915409 581010619
999915478 7179563
999915511 947700699
999915655 932156208
999915794 649588482
999916144 859553926
999916277 745933988
999916318 990064627
999916450 526006239
999916474 791471262
999916487 674091273
999916597 607490294
999916756 862758264
999916768 323328585
999916850 98564144
999916895 339003981
999916912 126704411
999916933 834926469
999917019 270543522
999917226 314001914
999917228 422525372
999917261 304840749
999917488 436246749
999917613 244777745
999917640 942049536
999917655 219632263
999917819 946489037
999917898 55200550
999918014 348382197
999918135 299811001
999918191 344226860
999918237 125781072
999918298 284958468
999918450 556760298
999918475 94225289
999918507 428558360
999918554 84539559
999918592 744640719
999918742 995513851
999918887 339223717
999919072 593713892
999919153 749975708
999919168 873104842
999919180 748187092
999919238 949640317
999919349 421031416
999919350 745846769
999919371 813097062
999919534 454233928
999919724 687710198
999919758 987749484
999919867 66121610
999919874 141581438
999920127 12222551
999920145 285722242
999920231 367664783
999920361 999642851
999920495 31805340
999920578 486958188
999920603 520610483
999920635 180049218
999920714 84161438
999920958 759516015
999921084 846453483
999921228 417907186
999921361 386526917
999921394 828614516
999921649 2881256
999921673 986091202
999921881 739814153
999921913 975317846
999922130 710677558
999922151 416277952
999922161 879484208
999922250 871641561
999922257 861702296
999922294 397855094
999922322 735524232
999922325 905793867
999922593 954989844
999922640 115215524
999922779 627706111
999922812 545313820
999922819 3016614
999922848 863397879
999923070 47705138
999923226 470783761
999923385 178362397
999923406 996426700
999923419 636368240
999923584 859070918
999923591 84795063
999923739 245223272
999923926 698454
999923983 99833791
999923984 254222013
999923994 713240292
999924005 193579606
999924212 25572955
999924248 864888149
999924269 207292291
999924372 264454164
999924479 155722996
999924587 252468694
999924633 65530059
999924692 425825089
999925276 326352343
999925468 186648332
999925645 57113157
999925735 969083784
999925953 297740825
999926034 882504901
999926200 925852275
999926258 143226403
999926372 136074211
999926412 27854004
999926458 145699068
999926535 581492529
999926607 282048364
999926661 681216669
999926689 38768931
999926707 211079454
999926824 667158630
999927001 694953672
999927026 666013025
999927066 345927289
999927110 256191239
999927242 417516560
999927378 85419690
999927558 83073087
999927572 176807041
999927576 114668101
999927837 90180761
999928057 235603735
999928073 144089446
999928145 636338537
999928205 715358700
999928206 862590165
999928649 927219056
999928765 750169631
999928902 576855393
999928964 60103664
999929070 944313671
999929370 515217445
999929466 557510792
999930037 239447264
999930084 628215287
999930217 297957172
999930291 376487571
999930423 49665093
999930452 623172677
999930486 931099909
999930598 25444464
999930627 388533308
999930668 491712740
999930723 757962026
999930777 134066466
999930890 502186387
999930941 493090212
999931009 89636271
999931136 521004676
999931189 320081423
999931438 156795681
999931505 338822431
999931586 43861755
999931604 790950977
999931999 377515047
999932095 220387661
999932242 582029666
999932518 22976480
999932522 359829007
999932554 638582109
999932593 945670887
999932725 973331079
999932783 153983484
999932805 957762171
999932866 750716692
999932869 267627701
999933086 615162951
999933237 226942275
999933288 45560928
999933341 207027959
999933371 23341686
999933449 356144232
999933494 436160688
999933546 16021378
999933640 106802048
999934258 940134629
999934457 161712355
999934689 909023796
999934712 728113073
999934739 584290624
999934942 780546046
999934980 523506766
999935083 145297729
999935093 56742895
999935134 70174858
999935151 580802575
999935161 688586156
999935203 388585556
999935365 443453144
999935552 283302517
999935838 273693039
999935884 547491004
999936237 439140102
999936261 97551311
999936332 208899467
999936352 154596616
999936417 424691637
999936506 261029467
999936529 8748062
999936555 841589786
999936579 624414339
999936581 669244416
999936607 313708505
999936670 2012612
999936834 468067358
999937034 225213775
999937337 306739696
999937479 194385186
999937531 256199864
999937575 520083487
999937761 497497701
999937773 146380051
999937826 345232405
999938104 194322611
999938169 528683949
999938320 187469414
999938421 854051448
999938482 514174378
999938575 453228614
999938746 573194065
999938771 328064120
999938838 643063369
999938930 542453735
999938987 295871155
999939134 407015675
999939168 892840332
999939205 110305721
999939236 997598244
999939336 451380007
999939507 16172539
999939572 298233880
999939679 427904357
999939760 531113233
999939812 804723333
999939834 212728360
999939835 481953806
999940282 920079692
999940315 10644195
999940336 611463373
999940523 730462428
999940583 806403420
999940632 750379094
999940680 169240627
999940878 770962531
999940924 21123706
999940942 495001487
999941023 4858228
999941098 496695140
999941251 865810096
999941873 285945416
999941938 184333787
999941973 925729249
999942076 231065847
999942131 205479321
999942158 142357125
999942243 31775746
999942318 331747149
999942352 77690817
999942399 770416815
999942481 632313149
999942497 426856376
999942517 779301315
999942696 174383410
999942805 676386326
999942840 799845741
999942841 838906739
999942860 377326957
999942872 992372350
999942954 510397234
999942978 192335152
999943095 305235116
999943208 637731352
999943216 295295059
999943336 397649130
999943413 319528729
999943471 766828279
999943514 122704979
999943642 424536392
999943726 243832405
999943813 280955169
999943855 7339762
999944022 24022282
999944045 247251444
999944064 409099328
999944079 463093214
999944222 440680255
999944581 427186015
999944896 111756589
999945244 722687615
999945301 439381237
999945442 732919733
999945508 496447685
999945592 427305809
999945766 110822273
999945826 715744773
999945887 267351741
999945899 421018414
999946003 472033841
999946402 85339968
999946411 944831234
999946493 634353311
999946512 513842994
999946625 888369629
999946630 739514480
999946701 80745448
999946777 795442671
999946982 202273881
999947010 387788408
999947030 78261649
999947077 44015043
999947137 144145228
999947158 473380761
999947477 21475639
999947489 74553123
999947502 679583412
999947566 544321883
999947613 415795403
999947632 763541875
999947642 432135264
999947675 171642449
999947812 482054253
999947875 476386158
999947933 410636283
999947946 442798243
999947973 39080763
999948065 24434599
999948147 773942987
999948166 697442055
999948208 603777727
999948326 63825248
999948377 270096898
999948427 765133658
999948710 208755726
999948752 578325084
999948844 973538753
999948932 800612047
999948937 933517396
999948945 276777841
999949008 314389811
999949026 444478475
999949063 618025082
999949066 241208986
999949116 660863814
999949437 839605940
999949463 147116996
999949537 12199811
999949600 614700995
999949619 951795643
999949704 974024348
999949744 306128888
999949796 191021025
999949842 534461972
999949852 911643295
999949982 99225668
999950049 673490433
999950113 866039599
999950161 309033277
999950223 193800878
999950285 229840101
999950428 222477244
999950841 545082896
999950854 651877810
999950903 163324547
999951021 479990601
999951061 119868304
999951274 29256529
999951420 50845764
999951439 442888409
999951450 463495735
999951458 991208922
999951694 265540260
999951733 160099907
999951783 675562102
999951882 392385609
999951895 819851908
999951997 535047958
999952004 165862603
999952215 141359995
999952661 441880896
999952690 748262707
999952842 67482115
999952870 596701027
999952881 871606720
999953023 228392978
999953104 915267364
999953214 344168206
999953354 4713730
999953417 917290831
999953437 576494002
999953585 760729736
999953610 263880247
999953660 336274823
999953716 396648360
999953929 164394432
999953972 457999913
999953984 411584720
999954086 25773784
999954222 55807570
999954245 392376506
999954318 133069367
999954462 337155409
999954538 75309234
999954554 426606044
999954680 757910663
999954690 64818375
999954714 346285471
999954785 660458280
999954853 260023145
999954976 361577274
999955127 299573113
999955170 551513555
999955246 616783612
999955420 465940892
999955436 735733309
999955804 867189749
999955883 515746128
999955922 111798185
999956228 627153343
999956229 522185758
999956410 938654351
999956450 641601737
999956525 42240930
999956560 71956417
999956580 138414560
999956589 431101673
999956800 401275658
999957020 139397941
999957042 53274250
999957145 660091698
999957181 124821756
999957346 378145696
999957453 750917894
999957500 276141905
999957573 135757128
999957622 104900302
999957640 738945934
999957815 64069275
999957988 746095696
999958004 328750951
999958022 470742280
999958064 919571462
999958106 362240363
999958226 551335123
999958332 765859822
999958376 833563457
999958380 472004034
999958417 936420076
999958489 813763961
999958501 664870684
999958547 667294856
999958581 136213009
999959114 418521427
999959115 354314147
999959255 641664612
999959296 143724632
999959391 619652219
999959403 965633675
999959501 927570224
999959531 82521044
999959595 864324459
999959607 131967306
999959666 746240117
999959786 623135062
999959839 827673687
999959905 788090673
999959963 571520603
999960110 583197827
999960201 740922027
999960241 631487749
999960257 524516189
999960875 26241056
999961254 490617722
999961411 537779000
999961414 619870034
999961490 446864765
999961808 911567194
999961865 359248047
999961878 306618475
999961992 601370035
999962058 32681423
999962083 793484965
999962360 756978254
999962965 719779979
999962981 114398917
999963004 623603173
999963124 32445068
999963269 51569648
999963661 680958419
999963675 825203271
999963870 359453516
999963945 216467892
999964023 299421720
999964055 633903296
999964227 544489011
999964273 773515384
999964343 785232635
999964413 33172439
999964650 109307198
999964676 11287409
999964760 19377491
999965700 562953352
999965803 276498237
999965994 707612423
999966035 555662608
999966067 588244143
999966081 574312568
999966578 369895009
999966794 288462014
999967009 363518422
999967032 667248703
999967141 429266849
999967253 120369617
999967474 976083054
999967522 212009212
999967535 27210402
999967664 766050635
999967733 569310281
999967748 28676510
999967798 246822451
999968075 368227365
999968142 208511145
999968186 195857052
999968196 64800515
999968213 126714764
999968446 804219512
999968461 139072268
999968475 409418054
999968496 839688653
999968610 900308173
999968761 836469710
999968992 35526874
999969043 503893516
999969248 780322310
999969548 84927712
999969585 731752523
999969914 327800763
999969945 238360946
999970096 525567208
999970275 430091674
999970288 656688609
999970489 95809989
999970530 187739611
999970803 577340632
999970888 888343130
999970929 510823467
999970963 548698612
999970986 956879789
999970999 512526276
999971023 807819888
999971217 982510970
999971361 207602228
999971445 542864198
999971881 304379782
999971946 883296345
999972018 348149144
999972151 332300372
999972552 443960808
999972596 324334420
999972671 340610663
999972685 812713656
999972793 821492074
999973044 122360924
999973083 230117493
999973117 680697707
999973225 942276201
999973390 599311223
999973543 748768191
999973655 70886968
999973817 139029694
999973851 524037492
999973883 835172537
999974040 486351740
999974340 202504543
999974401 762435406
999974834 390801157
999974940 227835534
999975130 25383024
999975292 232033319
999975346 184288561
999975459 772886814
999975578 586870264
999975691 256479432
999975711 617745817
999975776 498456283
999975869 486594340
999975890 726110587
999975919 143945734
999976017 81249470
999976127 817433817
999976210 135532132
999976415 608764185
999976506 132185695
999976529 650260985
999976777 12238341
999976785 134229733
999976998 444850176
999977079 788598441
999977195 429324392
999977198 109795349
999977481 46693810
999977569 70752299
999977779 410616016
999977882 95087867
999977902 724216432
999977957 152296499
999978062 922238295
999978227 588985172
999978394 58955828
999978443 740466827
999978456 607405075
999978532 745473247
999978538 347510157
999978681 41950628
999978708 39840096
999978898 886635014
999978913 119158363
999979075 626703754
999979240 565988391
999979324 412917385
999979345 682476644
999979709 402379064
999979746 440696540
999979755 527173252
999980008 297202446
999980279 93319558
999980340 75648480
999980366 862148217
999981040 818308768
999981070 673780269
999981112 388061632
999981115 24076237
999981481 200421316
999981560 58976287
999981570 418769245
999981780 775717193
999982042 982950724
999982065 780369580
999982210 329183732
999982362 413503139
999982393 155044177
999982478 325238015
999982609 864810797
999982624 117240317
999982628 853096305
999982672 623430096
999982673 45654600
999982760 502723313
999982770 656917721
999982796 678475518
999983257 476125051
999983275 471651855
999983349 958202616
999983621 331211449
999983690 665909454
999983720 826399416
999984033 993569702
999984133 519366443
999984140 122863415
999984196 55068040
999984394 249783461
999984668 714971596
999984883 283622862
999984967 448863822
999984979 243366229
999985047 504387222
999985149 629001227
999985879 194097403
999985905 750882238
999985939 96641922
999985992 171057099
999986003 33890232
999986279 365587067
999986322 640949373
999986324 78135011
999986363 21538533
999986621 877330536
999986628 660214366
999986741 150021743
999986801 121644803
999986878 289424823
999986942 631963857
999987071 142848968
999987134 211090505
999987218 859912591
999987250 639464654
999987310 982686656
999987528 873600797
999987729 787117013
999987759 501954473
999987818 555181318
999987918 545470096
999987938 431181606
999987998 4707905
999988169 191599532
999988432 22270612
999988608 374977367
999988619 834788962
999988946 630686215
999988964 17586657
999988982 25324382
999988989 699887255
999989147 898772106
999989148 306487541
999989225 752381909
999989279 321402820
999989369 380778876
999989426 541635655
999989527 364455611
999989772 169316192
999990212 125370437
999990293 828474750
999990328 906595970
999990437 642494462
999990496 404252084
999990568 487377010
999990574 40303120
999990698 840968327
999990721 246920425
999990795 896106908
999990807 689256401
999990817 132553812
999991002 798784191
999991084 572089231
999991143 158639890
999991162 971815684
999991175 905022905
999991259 588712576
999991337 495303022
999991419 227727318
999991519 806105121
999991520 936865793
999991592 10294554
999991858 603336941
999991899 91462339
999992101 172661686
999992287 768765807
999992512 273976517
999992871 388450526
999992909 267635041
999992915 688564626
999992934 992620693
999993210 543411687
999993257 539864476
999993304 117299750
999993476 17454359
999993542 417013491
999993649 924479525
999993931 39118271
999994068 721063306
999994111 103756858
999994313 891307345
999994328 129792705
999994366 47114012
999994396 744963933
999994689 267988089
999994771 304192089
999994774 787593735
999995186 283508741
999995207 975150548
999995209 999053402
999995212 181507348
999995260 548877048
999995331 281695133
999995427 797347201
999995472 715589608
999995681 829128762
999995793 225997325
999995857 141336701
999996100 21586399
999996258 117361956
999996361 130661886
999996538 524534768
999996539 983706417
999996594 179233043
999996606 672362173
999996661 427543974
999996818 729663138
999997019 901548239
999997050 153479256
999997205 200551190
999997227 285624263
999997493 989814934
999997576 781980629
999997777 947039575
999997780 340744536
999997802 851159922
999997971 922754259
999998288 80721965
999998316 11540814
999998480 598008643
999999159 692035457
999999186 992058030
999999303 230649725
999999370 704817135
999999656 712442699
999999712 927125568
999999748 761797082
999999816 976895189
999999847 222718447
999999876 368862591
999999893 24031132
