500
0 0
15 20
30 40
45 60
60 80
75 100
90 120
105 140
120 160
135 180
150 200
165 220
180 240
195 260
210 280
225 300
240 320
255 340
270 360
285 380
300 400
315 420
330 440
345 460
360 480
375 500
390 520
405 540
420 560
435 580
450 600
465 620
480 640
495 660
510 680
525 700
540 720
555 740
570 760
585 780
600 800
615 820
630 840
645 860
660 880
675 900
690 920
705 940
720 960
735 980
750 1000
765 1020
780 1040
795 1060
810 1080
825 1100
840 1120
855 1140
870 1160
885 1180
900 1200
915 1220
930 1240
945 1260
960 1280
975 1300
990 1320
1005 1340
1020 1360
1035 1380
1050 1400
1065 1420
1080 1440
1095 1460
1110 1480
1125 1500
1140 1520
1155 1540
1170 1560
1185 1580
1200 1600
1215 1620
1230 1640
1245 1660
1260 1680
1275 1700
1290 1720
1305 1740
1320 1760
1335 1780
1350 1800
1365 1820
1380 1840
1395 1860
1410 1880
1425 1900
1440 1920
1455 1940
1470 1960
1485 1980
1500 2000
1515 2020
1530 2040
1545 2060
1560 2080
1575 2100
1590 2120
1605 2140
1620 2160
1635 2180
1650 2200
1665 2220
1680 2240
1695 2260
1710 2280
1725 2300
1740 2320
1755 2340
1770 2360
1785 2380
1800 2400
1815 2420
1830 2440
1845 2460
1860 2480
1875 2500
1890 2520
1905 2540
1920 2560
1935 2580
1950 2600
1965 2620
1980 2640
1995 2660
2010 2680
2025 2700
2040 2720
2055 2740
2070 2760
2085 2780
2100 2800
2115 2820
2130 2840
2145 2860
2160 2880
2175 2900
2190 2920
2205 2940
2220 2960
2235 2980
2250 3000
2265 3020
2280 3040
2295 3060
2310 3080
2325 3100
2340 3120
2355 3140
2370 3160
2385 3180
2400 3200
2415 3220
2430 3240
2445 3260
2460 3280
2475 3300
2490 3320
2505 3340
2520 3360
2535 3380
2550 3400
2565 3420
2580 3440
2595 3460
2610 3480
2625 3500
2640 3520
2655 3540
2670 3560
2685 3580
2700 3600
2715 3620
2730 3640
2745 3660
2760 3680
2775 3700
2790 3720
2805 3740
2820 3760
2835 3780
2850 3800
2865 3820
2880 3840
2895 3860
2910 3880
2925 3900
2940 3920
2955 3940
2970 3960
2985 3980
3000 4000
3015 4020
3030 4040
3045 4060
3060 4080
3075 4100
3090 4120
3105 4140
3120 4160
3135 4180
3150 4200
3165 4220
3180 4240
3195 4260
3210 4280
3225 4300
3240 4320
3255 4340
3270 4360
3285 4380
3300 4400
3315 4420
3330 4440
3345 4460
3360 4480
3375 4500
3390 4520
3405 4540
3420 4560
3435 4580
3450 4600
3465 4620
3480 4640
3495 4660
3510 4680
3525 4700
3540 4720
3555 4740
3570 4760
3585 4780
3600 4800
3615 4820
3630 4840
3645 4860
3660 4880
3675 4900
3690 4920
3705 4940
3720 4960
3735 4980
3750 5000
3765 5020
3780 5040
3795 5060
3810 5080
3825 5100
3840 5120
3855 5140
3870 5160
3885 5180
3900 5200
3915 5220
3930 5240
3945 5260
3960 5280
3975 5300
3990 5320
4005 5340
4020 5360
4035 5380
4050 5400
4065 5420
4080 5440
4095 5460
4110 5480
4125 5500
4140 5520
4155 5540
4170 5560
4185 5580
4200 5600
4215 5620
4230 5640
4245 5660
4260 5680
4275 5700
4290 5720
4305 5740
4320 5760
4335 5780
4350 5800
4365 5820
4380 5840
4395 5860
4410 5880
4425 5900
4440 5920
4455 5940
4470 5960
4485 5980
4500 6000
4515 6020
4530 6040
4545 6060
4560 6080
4575 6100
4590 6120
4605 6140
4620 6160
4635 6180
4650 6200
4665 6220
4680 6240
4695 6260
4710 6280
4725 6300
4740 6320
4755 6340
4770 6360
4785 6380
4800 6400
4815 6420
4830 6440
4845 6460
4860 6480
4875 6500
4890 6520
4905 6540
4920 6560
4935 6580
4950 6600
4965 6620
4980 6640
4995 6660
5010 6680
5025 6700
5040 6720
5055 6740
5070 6760
5085 6780
5100 6800
5115 6820
5130 6840
5145 6860
5160 6880
5175 6900
5190 6920
5205 6940
5220 6960
5235 6980
5250 7000
5265 7020
5280 7040
5295 7060
5310 7080
5325 7100
5340 7120
5355 7140
5370 7160
5385 7180
5400 7200
5415 7220
5430 7240
5445 7260
5460 7280
5475 7300
5490 7320
5505 7340
5520 7360
5535 7380
5550 7400
5565 7420
5580 7440
5595 7460
5610 7480
5625 7500
5640 7520
5655 7540
5670 7560
5685 7580
5700 7600
5715 7620
5730 7640
5745 7660
5760 7680
5775 7700
5790 7720
5805 7740
5820 7760
5835 7780
5850 7800
5865 7820
5880 7840
5895 7860
5910 7880
5925 7900
5940 7920
5955 7940
5970 7960
5985 7980
6000 8000
6015 8020
6030 8040
6045 8060
6060 8080
6075 8100
6090 8120
6105 8140
6120 8160
6135 8180
6150 8200
6165 8220
6180 8240
6195 8260
6210 8280
6225 8300
6240 8320
6255 8340
6270 8360
6285 8380
6300 8400
6315 8420
6330 8440
6345 8460
6360 8480
6375 8500
6390 8520
6405 8540
6420 8560
6435 8580
6450 8600
6465 8620
6480 8640
6495 8660
6510 8680
6525 8700
6540 8720
6555 8740
6570 8760
6585 8780
6600 8800
6615 8820
6630 8840
6645 8860
6660 8880
6675 8900
6690 8920
6705 8940
6720 8960
6735 8980
6750 9000
6765 9020
6780 9040
6795 9060
6810 9080
6825 9100
6840 9120
6855 9140
6870 9160
6885 9180
6900 9200
6915 9220
6930 9240
6945 9260
6960 9280
6975 9300
6990 9320
7005 9340
7020 9360
7035 9380
7050 9400
7065 9420
7080 9440
7095 9460
7110 9480
7125 9500
7140 9520
7155 9540
7170 9560
7185 9580
7200 9600
7215 9620
7230 9640
7245 9660
7260 9680
7275 9700
7290 9720
7305 9740
7320 9760
7335 9780
7350 9800
7365 9820
7380 9840
7395 9860
7410 9880
7425 9900
7440 9920
7455 9940
7470 9960
7485 10
