5000
0 0
15 20
30 40
45 60
60 80
75 100
90 120
105 140
120 160
135 180
150 200
165 220
180 240
195 260
210 280
225 300
240 320
255 340
270 360
285 380
300 400
315 420
330 440
345 460
360 480
375 500
390 520
405 540
420 560
435 580
450 600
465 620
480 640
495 660
510 680
525 700
540 720
555 740
570 760
585 780
600 800
615 820
630 840
645 860
660 880
675 900
690 920
705 940
720 960
735 980
750 1000
765 1020
780 1040
795 1060
810 1080
825 1100
840 1120
855 1140
870 1160
885 1180
900 1200
915 1220
930 1240
945 1260
960 1280
975 1300
990 1320
1005 1340
1020 1360
1035 1380
1050 1400
1065 1420
1080 1440
1095 1460
1110 1480
1125 1500
1140 1520
1155 1540
1170 1560
1185 1580
1200 1600
1215 1620
1230 1640
1245 1660
1260 1680
1275 1700
1290 1720
1305 1740
1320 1760
1335 1780
1350 1800
1365 1820
1380 1840
1395 1860
1410 1880
1425 1900
1440 1920
1455 1940
1470 1960
1485 1980
1500 2000
1515 2020
1530 2040
1545 2060
1560 2080
1575 2100
1590 2120
1605 2140
1620 2160
1635 2180
1650 2200
1665 2220
1680 2240
1695 2260
1710 2280
1725 2300
1740 2320
1755 2340
1770 2360
1785 2380
1800 2400
1815 2420
1830 2440
1845 2460
1860 2480
1875 2500
1890 2520
1905 2540
1920 2560
1935 2580
1950 2600
1965 2620
1980 2640
1995 2660
2010 2680
2025 2700
2040 2720
2055 2740
2070 2760
2085 2780
2100 2800
2115 2820
2130 2840
2145 2860
2160 2880
2175 2900
2190 2920
2205 2940
2220 2960
2235 2980
2250 3000
2265 3020
2280 3040
2295 3060
2310 3080
2325 3100
2340 3120
2355 3140
2370 3160
2385 3180
2400 3200
2415 3220
2430 3240
2445 3260
2460 3280
2475 3300
2490 3320
2505 3340
2520 3360
2535 3380
2550 3400
2565 3420
2580 3440
2595 3460
2610 3480
2625 3500
2640 3520
2655 3540
2670 3560
2685 3580
2700 3600
2715 3620
2730 3640
2745 3660
2760 3680
2775 3700
2790 3720
2805 3740
2820 3760
2835 3780
2850 3800
2865 3820
2880 3840
2895 3860
2910 3880
2925 3900
2940 3920
2955 3940
2970 3960
2985 3980
3000 4000
3015 4020
3030 4040
3045 4060
3060 4080
3075 4100
3090 4120
3105 4140
3120 4160
3135 4180
3150 4200
3165 4220
3180 4240
3195 4260
3210 4280
3225 4300
3240 4320
3255 4340
3270 4360
3285 4380
3300 4400
3315 4420
3330 4440
3345 4460
3360 4480
3375 4500
3390 4520
3405 4540
3420 4560
3435 4580
3450 4600
3465 4620
3480 4640
3495 4660
3510 4680
3525 4700
3540 4720
3555 4740
3570 4760
3585 4780
3600 4800
3615 4820
3630 4840
3645 4860
3660 4880
3675 4900
3690 4920
3705 4940
3720 4960
3735 4980
3750 5000
3765 5020
3780 5040
3795 5060
3810 5080
3825 5100
3840 5120
3855 5140
3870 5160
3885 5180
3900 5200
3915 5220
3930 5240
3945 5260
3960 5280
3975 5300
3990 5320
4005 5340
4020 5360
4035 5380
4050 5400
4065 5420
4080 5440
4095 5460
4110 5480
4125 5500
4140 5520
4155 5540
4170 5560
4185 5580
4200 5600
4215 5620
4230 5640
4245 5660
4260 5680
4275 5700
4290 5720
4305 5740
4320 5760
4335 5780
4350 5800
4365 5820
4380 5840
4395 5860
4410 5880
4425 5900
4440 5920
4455 5940
4470 5960
4485 5980
4500 6000
4515 6020
4530 6040
4545 6060
4560 6080
4575 6100
4590 6120
4605 6140
4620 6160
4635 6180
4650 6200
4665 6220
4680 6240
4695 6260
4710 6280
4725 6300
4740 6320
4755 6340
4770 6360
4785 6380
4800 6400
4815 6420
4830 6440
4845 6460
4860 6480
4875 6500
4890 6520
4905 6540
4920 6560
4935 6580
4950 6600
4965 6620
4980 6640
4995 6660
5010 6680
5025 6700
5040 6720
5055 6740
5070 6760
5085 6780
5100 6800
5115 6820
5130 6840
5145 6860
5160 6880
5175 6900
5190 6920
5205 6940
5220 6960
5235 6980
5250 7000
5265 7020
5280 7040
5295 7060
5310 7080
5325 7100
5340 7120
5355 7140
5370 7160
5385 7180
5400 7200
5415 7220
5430 7240
5445 7260
5460 7280
5475 7300
5490 7320
5505 7340
5520 7360
5535 7380
5550 7400
5565 7420
5580 7440
5595 7460
5610 7480
5625 7500
5640 7520
5655 7540
5670 7560
5685 7580
5700 7600
5715 7620
5730 7640
5745 7660
5760 7680
5775 7700
5790 7720
5805 7740
5820 7760
5835 7780
5850 7800
5865 7820
5880 7840
5895 7860
5910 7880
5925 7900
5940 7920
5955 7940
5970 7960
5985 7980
6000 8000
6015 8020
6030 8040
6045 8060
6060 8080
6075 8100
6090 8120
6105 8140
6120 8160
6135 8180
6150 8200
6165 8220
6180 8240
6195 8260
6210 8280
6225 8300
6240 8320
6255 8340
6270 8360
6285 8380
6300 8400
6315 8420
6330 8440
6345 8460
6360 8480
6375 8500
6390 8520
6405 8540
6420 8560
6435 8580
6450 8600
6465 8620
6480 8640
6495 8660
6510 8680
6525 8700
6540 8720
6555 8740
6570 8760
6585 8780
6600 8800
6615 8820
6630 8840
6645 8860
6660 8880
6675 8900
6690 8920
6705 8940
6720 8960
6735 8980
6750 9000
6765 9020
6780 9040
6795 9060
6810 9080
6825 9100
6840 9120
6855 9140
6870 9160
6885 9180
6900 9200
6915 9220
6930 9240
6945 9260
6960 9280
6975 9300
6990 9320
7005 9340
7020 9360
7035 9380
7050 9400
7065 9420
7080 9440
7095 9460
7110 9480
7125 9500
7140 9520
7155 9540
7170 9560
7185 9580
7200 9600
7215 9620
7230 9640
7245 9660
7260 9680
7275 9700
7290 9720
7305 9740
7320 9760
7335 9780
7350 9800
7365 9820
7380 9840
7395 9860
7410 9880
7425 9900
7440 9920
7455 9940
7470 9960
7485 9980
7500 10000
7515 10020
7530 10040
7545 10060
7560 10080
7575 10100
7590 10120
7605 10140
7620 10160
7635 10180
7650 10200
7665 10220
7680 10240
7695 10260
7710 10280
7725 10300
7740 10320
7755 10340
7770 10360
7785 10380
7800 10400
7815 10420
7830 10440
7845 10460
7860 10480
7875 10500
7890 10520
7905 10540
7920 10560
7935 10580
7950 10600
7965 10620
7980 10640
7995 10660
8010 10680
8025 10700
8040 10720
8055 10740
8070 10760
8085 10780
8100 10800
8115 10820
8130 10840
8145 10860
8160 10880
8175 10900
8190 10920
8205 10940
8220 10960
8235 10980
8250 11000
8265 11020
8280 11040
8295 11060
8310 11080
8325 11100
8340 11120
8355 11140
8370 11160
8385 11180
8400 11200
8415 11220
8430 11240
8445 11260
8460 11280
8475 11300
8490 11320
8505 11340
8520 11360
8535 11380
8550 11400
8565 11420
8580 11440
8595 11460
8610 11480
8625 11500
8640 11520
8655 11540
8670 11560
8685 11580
8700 11600
8715 11620
8730 11640
8745 11660
8760 11680
8775 11700
8790 11720
8805 11740
8820 11760
8835 11780
8850 11800
8865 11820
8880 11840
8895 11860
8910 11880
8925 11900
8940 11920
8955 11940
8970 11960
8985 11980
9000 12000
9015 12020
9030 12040
9045 12060
9060 12080
9075 12100
9090 12120
9105 12140
9120 12160
9135 12180
9150 12200
9165 12220
9180 12240
9195 12260
9210 12280
9225 12300
9240 12320
9255 12340
9270 12360
9285 12380
9300 12400
9315 12420
9330 12440
9345 12460
9360 12480
9375 12500
9390 12520
9405 12540
9420 12560
9435 12580
9450 12600
9465 12620
9480 12640
9495 12660
9510 12680
9525 12700
9540 12720
9555 12740
9570 12760
9585 12780
9600 12800
9615 12820
9630 12840
9645 12860
9660 12880
9675 12900
9690 12920
9705 12940
9720 12960
9735 12980
9750 13000
9765 13020
9780 13040
9795 13060
9810 13080
9825 13100
9840 13120
9855 13140
9870 13160
9885 13180
9900 13200
9915 13220
9930 13240
9945 13260
9960 13280
9975 13300
9990 13320
10005 13340
10020 13360
10035 13380
10050 13400
10065 13420
10080 13440
10095 13460
10110 13480
10125 13500
10140 13520
10155 13540
10170 13560
10185 13580
10200 13600
10215 13620
10230 13640
10245 13660
10260 13680
10275 13700
10290 13720
10305 13740
10320 13760
10335 13780
10350 13800
10365 13820
10380 13840
10395 13860
10410 13880
10425 13900
10440 13920
10455 13940
10470 13960
10485 13980
10500 14000
10515 14020
10530 14040
10545 14060
10560 14080
10575 14100
10590 14120
10605 14140
10620 14160
10635 14180
10650 14200
10665 14220
10680 14240
10695 14260
10710 14280
10725 14300
10740 14320
10755 14340
10770 14360
10785 14380
10800 14400
10815 14420
10830 14440
10845 14460
10860 14480
10875 14500
10890 14520
10905 14540
10920 14560
10935 14580
10950 14600
10965 14620
10980 14640
10995 14660
11010 14680
11025 14700
11040 14720
11055 14740
11070 14760
11085 14780
11100 14800
11115 14820
11130 14840
11145 14860
11160 14880
11175 14900
11190 14920
11205 14940
11220 14960
11235 14980
11250 15000
11265 15020
11280 15040
11295 15060
11310 15080
11325 15100
11340 15120
11355 15140
11370 15160
11385 15180
11400 15200
11415 15220
11430 15240
11445 15260
11460 15280
11475 15300
11490 15320
11505 15340
11520 15360
11535 15380
11550 15400
11565 15420
11580 15440
11595 15460
11610 15480
11625 15500
11640 15520
11655 15540
11670 15560
11685 15580
11700 15600
11715 15620
11730 15640
11745 15660
11760 15680
11775 15700
11790 15720
11805 15740
11820 15760
11835 15780
11850 15800
11865 15820
11880 15840
11895 15860
11910 15880
11925 15900
11940 15920
11955 15940
11970 15960
11985 15980
12000 16000
12015 16020
12030 16040
12045 16060
12060 16080
12075 16100
12090 16120
12105 16140
12120 16160
12135 16180
12150 16200
12165 16220
12180 16240
12195 16260
12210 16280
12225 16300
12240 16320
12255 16340
12270 16360
12285 16380
12300 16400
12315 16420
12330 16440
12345 16460
12360 16480
12375 16500
12390 16520
12405 16540
12420 16560
12435 16580
12450 16600
12465 16620
12480 16640
12495 16660
12510 16680
12525 16700
12540 16720
12555 16740
12570 16760
12585 16780
12600 16800
12615 16820
12630 16840
12645 16860
12660 16880
12675 16900
12690 16920
12705 16940
12720 16960
12735 16980
12750 17000
12765 17020
12780 17040
12795 17060
12810 17080
12825 17100
12840 17120
12855 17140
12870 17160
12885 17180
12900 17200
12915 17220
12930 17240
12945 17260
12960 17280
12975 17300
12990 17320
13005 17340
13020 17360
13035 17380
13050 17400
13065 17420
13080 17440
13095 17460
13110 17480
13125 17500
13140 17520
13155 17540
13170 17560
13185 17580
13200 17600
13215 17620
13230 17640
13245 17660
13260 17680
13275 17700
13290 17720
13305 17740
13320 17760
13335 17780
13350 17800
13365 17820
13380 17840
13395 17860
13410 17880
13425 17900
13440 17920
13455 17940
13470 17960
13485 17980
13500 18000
13515 18020
13530 18040
13545 18060
13560 18080
13575 18100
13590 18120
13605 18140
13620 18160
13635 18180
13650 18200
13665 18220
13680 18240
13695 18260
13710 18280
13725 18300
13740 18320
13755 18340
13770 18360
13785 18380
13800 18400
13815 18420
13830 18440
13845 18460
13860 18480
13875 18500
13890 18520
13905 18540
13920 18560
13935 18580
13950 18600
13965 18620
13980 18640
13995 18660
14010 18680
14025 18700
14040 18720
14055 18740
14070 18760
14085 18780
14100 18800
14115 18820
14130 18840
14145 18860
14160 18880
14175 18900
14190 18920
14205 18940
14220 18960
14235 18980
14250 19000
14265 19020
14280 19040
14295 19060
14310 19080
14325 19100
14340 19120
14355 19140
14370 19160
14385 19180
14400 19200
14415 19220
14430 19240
14445 19260
14460 19280
14475 19300
14490 19320
14505 19340
14520 19360
14535 19380
14550 19400
14565 19420
14580 19440
14595 19460
14610 19480
14625 19500
14640 19520
14655 19540
14670 19560
14685 19580
14700 19600
14715 19620
14730 19640
14745 19660
14760 19680
14775 19700
14790 19720
14805 19740
14820 19760
14835 19780
14850 19800
14865 19820
14880 19840
14895 19860
14910 19880
14925 19900
14940 19920
14955 19940
14970 19960
14985 19980
15000 20000
15015 20020
15030 20040
15045 20060
15060 20080
15075 20100
15090 20120
15105 20140
15120 20160
15135 20180
15150 20200
15165 20220
15180 20240
15195 20260
15210 20280
15225 20300
15240 20320
15255 20340
15270 20360
15285 20380
15300 20400
15315 20420
15330 20440
15345 20460
15360 20480
15375 20500
15390 20520
15405 20540
15420 20560
15435 20580
15450 20600
15465 20620
15480 20640
15495 20660
15510 20680
15525 20700
15540 20720
15555 20740
15570 20760
15585 20780
15600 20800
15615 20820
15630 20840
15645 20860
15660 20880
15675 20900
15690 20920
15705 20940
15720 20960
15735 20980
15750 21000
15765 21020
15780 21040
15795 21060
15810 21080
15825 21100
15840 21120
15855 21140
15870 21160
15885 21180
15900 21200
15915 21220
15930 21240
15945 21260
15960 21280
15975 21300
15990 21320
16005 21340
16020 21360
16035 21380
16050 21400
16065 21420
16080 21440
16095 21460
16110 21480
16125 21500
16140 21520
16155 21540
16170 21560
16185 21580
16200 21600
16215 21620
16230 21640
16245 21660
16260 21680
16275 21700
16290 21720
16305 21740
16320 21760
16335 21780
16350 21800
16365 21820
16380 21840
16395 21860
16410 21880
16425 21900
16440 21920
16455 21940
16470 21960
16485 21980
16500 22000
16515 22020
16530 22040
16545 22060
16560 22080
16575 22100
16590 22120
16605 22140
16620 22160
16635 22180
16650 22200
16665 22220
16680 22240
16695 22260
16710 22280
16725 22300
16740 22320
16755 22340
16770 22360
16785 22380
16800 22400
16815 22420
16830 22440
16845 22460
16860 22480
16875 22500
16890 22520
16905 22540
16920 22560
16935 22580
16950 22600
16965 22620
16980 22640
16995 22660
17010 22680
17025 22700
17040 22720
17055 22740
17070 22760
17085 22780
17100 22800
17115 22820
17130 22840
17145 22860
17160 22880
17175 22900
17190 22920
17205 22940
17220 22960
17235 22980
17250 23000
17265 23020
17280 23040
17295 23060
17310 23080
17325 23100
17340 23120
17355 23140
17370 23160
17385 23180
17400 23200
17415 23220
17430 23240
17445 23260
17460 23280
17475 23300
17490 23320
17505 23340
17520 23360
17535 23380
17550 23400
17565 23420
17580 23440
17595 23460
17610 23480
17625 23500
17640 23520
17655 23540
17670 23560
17685 23580
17700 23600
17715 23620
17730 23640
17745 23660
17760 23680
17775 23700
17790 23720
17805 23740
17820 23760
17835 23780
17850 23800
17865 23820
17880 23840
17895 23860
17910 23880
17925 23900
17940 23920
17955 23940
17970 23960
17985 23980
18000 24000
18015 24020
18030 24040
18045 24060
18060 24080
18075 24100
18090 24120
18105 24140
18120 24160
18135 24180
18150 24200
18165 24220
18180 24240
18195 24260
18210 24280
18225 24300
18240 24320
18255 24340
18270 24360
18285 24380
18300 24400
18315 24420
18330 24440
18345 24460
18360 24480
18375 24500
18390 24520
18405 24540
18420 24560
18435 24580
18450 24600
18465 24620
18480 24640
18495 24660
18510 24680
18525 24700
18540 24720
18555 24740
18570 24760
18585 24780
18600 24800
18615 24820
18630 24840
18645 24860
18660 24880
18675 24900
18690 24920
18705 24940
18720 24960
18735 24980
18750 25000
18765 25020
18780 25040
18795 25060
18810 25080
18825 25100
18840 25120
18855 25140
18870 25160
18885 25180
18900 25200
18915 25220
18930 25240
18945 25260
18960 25280
18975 25300
18990 25320
19005 25340
19020 25360
19035 25380
19050 25400
19065 25420
19080 25440
19095 25460
19110 25480
19125 25500
19140 25520
19155 25540
19170 25560
19185 25580
19200 25600
19215 25620
19230 25640
19245 25660
19260 25680
19275 25700
19290 25720
19305 25740
19320 25760
19335 25780
19350 25800
19365 25820
19380 25840
19395 25860
19410 25880
19425 25900
19440 25920
19455 25940
19470 25960
19485 25980
19500 26000
19515 26020
19530 26040
19545 26060
19560 26080
19575 26100
19590 26120
19605 26140
19620 26160
19635 26180
19650 26200
19665 26220
19680 26240
19695 26260
19710 26280
19725 26300
19740 26320
19755 26340
19770 26360
19785 26380
19800 26400
19815 26420
19830 26440
19845 26460
19860 26480
19875 26500
19890 26520
19905 26540
19920 26560
19935 26580
19950 26600
19965 26620
19980 26640
19995 26660
20010 26680
20025 26700
20040 26720
20055 26740
20070 26760
20085 26780
20100 26800
20115 26820
20130 26840
20145 26860
20160 26880
20175 26900
20190 26920
20205 26940
20220 26960
20235 26980
20250 27000
20265 27020
20280 27040
20295 27060
20310 27080
20325 27100
20340 27120
20355 27140
20370 27160
20385 27180
20400 27200
20415 27220
20430 27240
20445 27260
20460 27280
20475 27300
20490 27320
20505 27340
20520 27360
20535 27380
20550 27400
20565 27420
20580 27440
20595 27460
20610 27480
20625 27500
20640 27520
20655 27540
20670 27560
20685 27580
20700 27600
20715 27620
20730 27640
20745 27660
20760 27680
20775 27700
20790 27720
20805 27740
20820 27760
20835 27780
20850 27800
20865 27820
20880 27840
20895 27860
20910 27880
20925 27900
20940 27920
20955 27940
20970 27960
20985 27980
21000 28000
21015 28020
21030 28040
21045 28060
21060 28080
21075 28100
21090 28120
21105 28140
21120 28160
21135 28180
21150 28200
21165 28220
21180 28240
21195 28260
21210 28280
21225 28300
21240 28320
21255 28340
21270 28360
21285 28380
21300 28400
21315 28420
21330 28440
21345 28460
21360 28480
21375 28500
21390 28520
21405 28540
21420 28560
21435 28580
21450 28600
21465 28620
21480 28640
21495 28660
21510 28680
21525 28700
21540 28720
21555 28740
21570 28760
21585 28780
21600 28800
21615 28820
21630 28840
21645 28860
21660 28880
21675 28900
21690 28920
21705 28940
21720 28960
21735 28980
21750 29000
21765 29020
21780 29040
21795 29060
21810 29080
21825 29100
21840 29120
21855 29140
21870 29160
21885 29180
21900 29200
21915 29220
21930 29240
21945 29260
21960 29280
21975 29300
21990 29320
22005 29340
22020 29360
22035 29380
22050 29400
22065 29420
22080 29440
22095 29460
22110 29480
22125 29500
22140 29520
22155 29540
22170 29560
22185 29580
22200 29600
22215 29620
22230 29640
22245 29660
22260 29680
22275 29700
22290 29720
22305 29740
22320 29760
22335 29780
22350 29800
22365 29820
22380 29840
22395 29860
22410 29880
22425 29900
22440 29920
22455 29940
22470 29960
22485 29980
22500 30000
22515 30020
22530 30040
22545 30060
22560 30080
22575 30100
22590 30120
22605 30140
22620 30160
22635 30180
22650 30200
22665 30220
22680 30240
22695 30260
22710 30280
22725 30300
22740 30320
22755 30340
22770 30360
22785 30380
22800 30400
22815 30420
22830 30440
22845 30460
22860 30480
22875 30500
22890 30520
22905 30540
22920 30560
22935 30580
22950 30600
22965 30620
22980 30640
22995 30660
23010 30680
23025 30700
23040 30720
23055 30740
23070 30760
23085 30780
23100 30800
23115 30820
23130 30840
23145 30860
23160 30880
23175 30900
23190 30920
23205 30940
23220 30960
23235 30980
23250 31000
23265 31020
23280 31040
23295 31060
23310 31080
23325 31100
23340 31120
23355 31140
23370 31160
23385 31180
23400 31200
23415 31220
23430 31240
23445 31260
23460 31280
23475 31300
23490 31320
23505 31340
23520 31360
23535 31380
23550 31400
23565 31420
23580 31440
23595 31460
23610 31480
23625 31500
23640 31520
23655 31540
23670 31560
23685 31580
23700 31600
23715 31620
23730 31640
23745 31660
23760 31680
23775 31700
23790 31720
23805 31740
23820 31760
23835 31780
23850 31800
23865 31820
23880 31840
23895 31860
23910 31880
23925 31900
23940 31920
23955 31940
23970 31960
23985 31980
24000 32000
24015 32020
24030 32040
24045 32060
24060 32080
24075 32100
24090 32120
24105 32140
24120 32160
24135 32180
24150 32200
24165 32220
24180 32240
24195 32260
24210 32280
24225 32300
24240 32320
24255 32340
24270 32360
24285 32380
24300 32400
24315 32420
24330 32440
24345 32460
24360 32480
24375 32500
24390 32520
24405 32540
24420 32560
24435 32580
24450 32600
24465 32620
24480 32640
24495 32660
24510 32680
24525 32700
24540 32720
24555 32740
24570 32760
24585 32780
24600 32800
24615 32820
24630 32840
24645 32860
24660 32880
24675 32900
24690 32920
24705 32940
24720 32960
24735 32980
24750 33000
24765 33020
24780 33040
24795 33060
24810 33080
24825 33100
24840 33120
24855 33140
24870 33160
24885 33180
24900 33200
24915 33220
24930 33240
24945 33260
24960 33280
24975 33300
24990 33320
25005 33340
25020 33360
25035 33380
25050 33400
25065 33420
25080 33440
25095 33460
25110 33480
25125 33500
25140 33520
25155 33540
25170 33560
25185 33580
25200 33600
25215 33620
25230 33640
25245 33660
25260 33680
25275 33700
25290 33720
25305 33740
25320 33760
25335 33780
25350 33800
25365 33820
25380 33840
25395 33860
25410 33880
25425 33900
25440 33920
25455 33940
25470 33960
25485 33980
25500 34000
25515 34020
25530 34040
25545 34060
25560 34080
25575 34100
25590 34120
25605 34140
25620 34160
25635 34180
25650 34200
25665 34220
25680 34240
25695 34260
25710 34280
25725 34300
25740 34320
25755 34340
25770 34360
25785 34380
25800 34400
25815 34420
25830 34440
25845 34460
25860 34480
25875 34500
25890 34520
25905 34540
25920 34560
25935 34580
25950 34600
25965 34620
25980 34640
25995 34660
26010 34680
26025 34700
26040 34720
26055 34740
26070 34760
26085 34780
26100 34800
26115 34820
26130 34840
26145 34860
26160 34880
26175 34900
26190 34920
26205 34940
26220 34960
26235 34980
26250 35000
26265 35020
26280 35040
26295 35060
26310 35080
26325 35100
26340 35120
26355 35140
26370 35160
26385 35180
26400 35200
26415 35220
26430 35240
26445 35260
26460 35280
26475 35300
26490 35320
26505 35340
26520 35360
26535 35380
26550 35400
26565 35420
26580 35440
26595 35460
26610 35480
26625 35500
26640 35520
26655 35540
26670 35560
26685 35580
26700 35600
26715 35620
26730 35640
26745 35660
26760 35680
26775 35700
26790 35720
26805 35740
26820 35760
26835 35780
26850 35800
26865 35820
26880 35840
26895 35860
26910 35880
26925 35900
26940 35920
26955 35940
26970 35960
26985 35980
27000 36000
27015 36020
27030 36040
27045 36060
27060 36080
27075 36100
27090 36120
27105 36140
27120 36160
27135 36180
27150 36200
27165 36220
27180 36240
27195 36260
27210 36280
27225 36300
27240 36320
27255 36340
27270 36360
27285 36380
27300 36400
27315 36420
27330 36440
27345 36460
27360 36480
27375 36500
27390 36520
27405 36540
27420 36560
27435 36580
27450 36600
27465 36620
27480 36640
27495 36660
27510 36680
27525 36700
27540 36720
27555 36740
27570 36760
27585 36780
27600 36800
27615 36820
27630 36840
27645 36860
27660 36880
27675 36900
27690 36920
27705 36940
27720 36960
27735 36980
27750 37000
27765 37020
27780 37040
27795 37060
27810 37080
27825 37100
27840 37120
27855 37140
27870 37160
27885 37180
27900 37200
27915 37220
27930 37240
27945 37260
27960 37280
27975 37300
27990 37320
28005 37340
28020 37360
28035 37380
28050 37400
28065 37420
28080 37440
28095 37460
28110 37480
28125 37500
28140 37520
28155 37540
28170 37560
28185 37580
28200 37600
28215 37620
28230 37640
28245 37660
28260 37680
28275 37700
28290 37720
28305 37740
28320 37760
28335 37780
28350 37800
28365 37820
28380 37840
28395 37860
28410 37880
28425 37900
28440 37920
28455 37940
28470 37960
28485 37980
28500 38000
28515 38020
28530 38040
28545 38060
28560 38080
28575 38100
28590 38120
28605 38140
28620 38160
28635 38180
28650 38200
28665 38220
28680 38240
28695 38260
28710 38280
28725 38300
28740 38320
28755 38340
28770 38360
28785 38380
28800 38400
28815 38420
28830 38440
28845 38460
28860 38480
28875 38500
28890 38520
28905 38540
28920 38560
28935 38580
28950 38600
28965 38620
28980 38640
28995 38660
29010 38680
29025 38700
29040 38720
29055 38740
29070 38760
29085 38780
29100 38800
29115 38820
29130 38840
29145 38860
29160 38880
29175 38900
29190 38920
29205 38940
29220 38960
29235 38980
29250 39000
29265 39020
29280 39040
29295 39060
29310 39080
29325 39100
29340 39120
29355 39140
29370 39160
29385 39180
29400 39200
29415 39220
29430 39240
29445 39260
29460 39280
29475 39300
29490 39320
29505 39340
29520 39360
29535 39380
29550 39400
29565 39420
29580 39440
29595 39460
29610 39480
29625 39500
29640 39520
29655 39540
29670 39560
29685 39580
29700 39600
29715 39620
29730 39640
29745 39660
29760 39680
29775 39700
29790 39720
29805 39740
29820 39760
29835 39780
29850 39800
29865 39820
29880 39840
29895 39860
29910 39880
29925 39900
29940 39920
29955 39940
29970 39960
29985 39980
30000 40000
30015 40020
30030 40040
30045 40060
30060 40080
30075 40100
30090 40120
30105 40140
30120 40160
30135 40180
30150 40200
30165 40220
30180 40240
30195 40260
30210 40280
30225 40300
30240 40320
30255 40340
30270 40360
30285 40380
30300 40400
30315 40420
30330 40440
30345 40460
30360 40480
30375 40500
30390 40520
30405 40540
30420 40560
30435 40580
30450 40600
30465 40620
30480 40640
30495 40660
30510 40680
30525 40700
30540 40720
30555 40740
30570 40760
30585 40780
30600 40800
30615 40820
30630 40840
30645 40860
30660 40880
30675 40900
30690 40920
30705 40940
30720 40960
30735 40980
30750 41000
30765 41020
30780 41040
30795 41060
30810 41080
30825 41100
30840 41120
30855 41140
30870 41160
30885 41180
30900 41200
30915 41220
30930 41240
30945 41260
30960 41280
30975 41300
30990 41320
31005 41340
31020 41360
31035 41380
31050 41400
31065 41420
31080 41440
31095 41460
31110 41480
31125 41500
31140 41520
31155 41540
31170 41560
31185 41580
31200 41600
31215 41620
31230 41640
31245 41660
31260 41680
31275 41700
31290 41720
31305 41740
31320 41760
31335 41780
31350 41800
31365 41820
31380 41840
31395 41860
31410 41880
31425 41900
31440 41920
31455 41940
31470 41960
31485 41980
31500 42000
31515 42020
31530 42040
31545 42060
31560 42080
31575 42100
31590 42120
31605 42140
31620 42160
31635 42180
31650 42200
31665 42220
31680 42240
31695 42260
31710 42280
31725 42300
31740 42320
31755 42340
31770 42360
31785 42380
31800 42400
31815 42420
31830 42440
31845 42460
31860 42480
31875 42500
31890 42520
31905 42540
31920 42560
31935 42580
31950 42600
31965 42620
31980 42640
31995 42660
32010 42680
32025 42700
32040 42720
32055 42740
32070 42760
32085 42780
32100 42800
32115 42820
32130 42840
32145 42860
32160 42880
32175 42900
32190 42920
32205 42940
32220 42960
32235 42980
32250 43000
32265 43020
32280 43040
32295 43060
32310 43080
32325 43100
32340 43120
32355 43140
32370 43160
32385 43180
32400 43200
32415 43220
32430 43240
32445 43260
32460 43280
32475 43300
32490 43320
32505 43340
32520 43360
32535 43380
32550 43400
32565 43420
32580 43440
32595 43460
32610 43480
32625 43500
32640 43520
32655 43540
32670 43560
32685 43580
32700 43600
32715 43620
32730 43640
32745 43660
32760 43680
32775 43700
32790 43720
32805 43740
32820 43760
32835 43780
32850 43800
32865 43820
32880 43840
32895 43860
32910 43880
32925 43900
32940 43920
32955 43940
32970 43960
32985 43980
33000 44000
33015 44020
33030 44040
33045 44060
33060 44080
33075 44100
33090 44120
33105 44140
33120 44160
33135 44180
33150 44200
33165 44220
33180 44240
33195 44260
33210 44280
33225 44300
33240 44320
33255 44340
33270 44360
33285 44380
33300 44400
33315 44420
33330 44440
33345 44460
33360 44480
33375 44500
33390 44520
33405 44540
33420 44560
33435 44580
33450 44600
33465 44620
33480 44640
33495 44660
33510 44680
33525 44700
33540 44720
33555 44740
33570 44760
33585 44780
33600 44800
33615 44820
33630 44840
33645 44860
33660 44880
33675 44900
33690 44920
33705 44940
33720 44960
33735 44980
33750 45000
33765 45020
33780 45040
33795 45060
33810 45080
33825 45100
33840 45120
33855 45140
33870 45160
33885 45180
33900 45200
33915 45220
33930 45240
33945 45260
33960 45280
33975 45300
33990 45320
34005 45340
34020 45360
34035 45380
34050 45400
34065 45420
34080 45440
34095 45460
34110 45480
34125 45500
34140 45520
34155 45540
34170 45560
34185 45580
34200 45600
34215 45620
34230 45640
34245 45660
34260 45680
34275 45700
34290 45720
34305 45740
34320 45760
34335 45780
34350 45800
34365 45820
34380 45840
34395 45860
34410 45880
34425 45900
34440 45920
34455 45940
34470 45960
34485 45980
34500 46000
34515 46020
34530 46040
34545 46060
34560 46080
34575 46100
34590 46120
34605 46140
34620 46160
34635 46180
34650 46200
34665 46220
34680 46240
34695 46260
34710 46280
34725 46300
34740 46320
34755 46340
34770 46360
34785 46380
34800 46400
34815 46420
34830 46440
34845 46460
34860 46480
34875 46500
34890 46520
34905 46540
34920 46560
34935 46580
34950 46600
34965 46620
34980 46640
34995 46660
35010 46680
35025 46700
35040 46720
35055 46740
35070 46760
35085 46780
35100 46800
35115 46820
35130 46840
35145 46860
35160 46880
35175 46900
35190 46920
35205 46940
35220 46960
35235 46980
35250 47000
35265 47020
35280 47040
35295 47060
35310 47080
35325 47100
35340 47120
35355 47140
35370 47160
35385 47180
35400 47200
35415 47220
35430 47240
35445 47260
35460 47280
35475 47300
35490 47320
35505 47340
35520 47360
35535 47380
35550 47400
35565 47420
35580 47440
35595 47460
35610 47480
35625 47500
35640 47520
35655 47540
35670 47560
35685 47580
35700 47600
35715 47620
35730 47640
35745 47660
35760 47680
35775 47700
35790 47720
35805 47740
35820 47760
35835 47780
35850 47800
35865 47820
35880 47840
35895 47860
35910 47880
35925 47900
35940 47920
35955 47940
35970 47960
35985 47980
36000 48000
36015 48020
36030 48040
36045 48060
36060 48080
36075 48100
36090 48120
36105 48140
36120 48160
36135 48180
36150 48200
36165 48220
36180 48240
36195 48260
36210 48280
36225 48300
36240 48320
36255 48340
36270 48360
36285 48380
36300 48400
36315 48420
36330 48440
36345 48460
36360 48480
36375 48500
36390 48520
36405 48540
36420 48560
36435 48580
36450 48600
36465 48620
36480 48640
36495 48660
36510 48680
36525 48700
36540 48720
36555 48740
36570 48760
36585 48780
36600 48800
36615 48820
36630 48840
36645 48860
36660 48880
36675 48900
36690 48920
36705 48940
36720 48960
36735 48980
36750 49000
36765 49020
36780 49040
36795 49060
36810 49080
36825 49100
36840 49120
36855 49140
36870 49160
36885 49180
36900 49200
36915 49220
36930 49240
36945 49260
36960 49280
36975 49300
36990 49320
37005 49340
37020 49360
37035 49380
37050 49400
37065 49420
37080 49440
37095 49460
37110 49480
37125 49500
37140 49520
37155 49540
37170 49560
37185 49580
37200 49600
37215 49620
37230 49640
37245 49660
37260 49680
37275 49700
37290 49720
37305 49740
37320 49760
37335 49780
37350 49800
37365 49820
37380 49840
37395 49860
37410 49880
37425 49900
37440 49920
37455 49940
37470 49960
37485 49980
37500 50000
37515 50020
37530 50040
37545 50060
37560 50080
37575 50100
37590 50120
37605 50140
37620 50160
37635 50180
37650 50200
37665 50220
37680 50240
37695 50260
37710 50280
37725 50300
37740 50320
37755 50340
37770 50360
37785 50380
37800 50400
37815 50420
37830 50440
37845 50460
37860 50480
37875 50500
37890 50520
37905 50540
37920 50560
37935 50580
37950 50600
37965 50620
37980 50640
37995 50660
38010 50680
38025 50700
38040 50720
38055 50740
38070 50760
38085 50780
38100 50800
38115 50820
38130 50840
38145 50860
38160 50880
38175 50900
38190 50920
38205 50940
38220 50960
38235 50980
38250 51000
38265 51020
38280 51040
38295 51060
38310 51080
38325 51100
38340 51120
38355 51140
38370 51160
38385 51180
38400 51200
38415 51220
38430 51240
38445 51260
38460 51280
38475 51300
38490 51320
38505 51340
38520 51360
38535 51380
38550 51400
38565 51420
38580 51440
38595 51460
38610 51480
38625 51500
38640 51520
38655 51540
38670 51560
38685 51580
38700 51600
38715 51620
38730 51640
38745 51660
38760 51680
38775 51700
38790 51720
38805 51740
38820 51760
38835 51780
38850 51800
38865 51820
38880 51840
38895 51860
38910 51880
38925 51900
38940 51920
38955 51940
38970 51960
38985 51980
39000 52000
39015 52020
39030 52040
39045 52060
39060 52080
39075 52100
39090 52120
39105 52140
39120 52160
39135 52180
39150 52200
39165 52220
39180 52240
39195 52260
39210 52280
39225 52300
39240 52320
39255 52340
39270 52360
39285 52380
39300 52400
39315 52420
39330 52440
39345 52460
39360 52480
39375 52500
39390 52520
39405 52540
39420 52560
39435 52580
39450 52600
39465 52620
39480 52640
39495 52660
39510 52680
39525 52700
39540 52720
39555 52740
39570 52760
39585 52780
39600 52800
39615 52820
39630 52840
39645 52860
39660 52880
39675 52900
39690 52920
39705 52940
39720 52960
39735 52980
39750 53000
39765 53020
39780 53040
39795 53060
39810 53080
39825 53100
39840 53120
39855 53140
39870 53160
39885 53180
39900 53200
39915 53220
39930 53240
39945 53260
39960 53280
39975 53300
39990 53320
40005 53340
40020 53360
40035 53380
40050 53400
40065 53420
40080 53440
40095 53460
40110 53480
40125 53500
40140 53520
40155 53540
40170 53560
40185 53580
40200 53600
40215 53620
40230 53640
40245 53660
40260 53680
40275 53700
40290 53720
40305 53740
40320 53760
40335 53780
40350 53800
40365 53820
40380 53840
40395 53860
40410 53880
40425 53900
40440 53920
40455 53940
40470 53960
40485 53980
40500 54000
40515 54020
40530 54040
40545 54060
40560 54080
40575 54100
40590 54120
40605 54140
40620 54160
40635 54180
40650 54200
40665 54220
40680 54240
40695 54260
40710 54280
40725 54300
40740 54320
40755 54340
40770 54360
40785 54380
40800 54400
40815 54420
40830 54440
40845 54460
40860 54480
40875 54500
40890 54520
40905 54540
40920 54560
40935 54580
40950 54600
40965 54620
40980 54640
40995 54660
41010 54680
41025 54700
41040 54720
41055 54740
41070 54760
41085 54780
41100 54800
41115 54820
41130 54840
41145 54860
41160 54880
41175 54900
41190 54920
41205 54940
41220 54960
41235 54980
41250 55000
41265 55020
41280 55040
41295 55060
41310 55080
41325 55100
41340 55120
41355 55140
41370 55160
41385 55180
41400 55200
41415 55220
41430 55240
41445 55260
41460 55280
41475 55300
41490 55320
41505 55340
41520 55360
41535 55380
41550 55400
41565 55420
41580 55440
41595 55460
41610 55480
41625 55500
41640 55520
41655 55540
41670 55560
41685 55580
41700 55600
41715 55620
41730 55640
41745 55660
41760 55680
41775 55700
41790 55720
41805 55740
41820 55760
41835 55780
41850 55800
41865 55820
41880 55840
41895 55860
41910 55880
41925 55900
41940 55920
41955 55940
41970 55960
41985 55980
42000 56000
42015 56020
42030 56040
42045 56060
42060 56080
42075 56100
42090 56120
42105 56140
42120 56160
42135 56180
42150 56200
42165 56220
42180 56240
42195 56260
42210 56280
42225 56300
42240 56320
42255 56340
42270 56360
42285 56380
42300 56400
42315 56420
42330 56440
42345 56460
42360 56480
42375 56500
42390 56520
42405 56540
42420 56560
42435 56580
42450 56600
42465 56620
42480 56640
42495 56660
42510 56680
42525 56700
42540 56720
42555 56740
42570 56760
42585 56780
42600 56800
42615 56820
42630 56840
42645 56860
42660 56880
42675 56900
42690 56920
42705 56940
42720 56960
42735 56980
42750 57000
42765 57020
42780 57040
42795 57060
42810 57080
42825 57100
42840 57120
42855 57140
42870 57160
42885 57180
42900 57200
42915 57220
42930 57240
42945 57260
42960 57280
42975 57300
42990 57320
43005 57340
43020 57360
43035 57380
43050 57400
43065 57420
43080 57440
43095 57460
43110 57480
43125 57500
43140 57520
43155 57540
43170 57560
43185 57580
43200 57600
43215 57620
43230 57640
43245 57660
43260 57680
43275 57700
43290 57720
43305 57740
43320 57760
43335 57780
43350 57800
43365 57820
43380 57840
43395 57860
43410 57880
43425 57900
43440 57920
43455 57940
43470 57960
43485 57980
43500 58000
43515 58020
43530 58040
43545 58060
43560 58080
43575 58100
43590 58120
43605 58140
43620 58160
43635 58180
43650 58200
43665 58220
43680 58240
43695 58260
43710 58280
43725 58300
43740 58320
43755 58340
43770 58360
43785 58380
43800 58400
43815 58420
43830 58440
43845 58460
43860 58480
43875 58500
43890 58520
43905 58540
43920 58560
43935 58580
43950 58600
43965 58620
43980 58640
43995 58660
44010 58680
44025 58700
44040 58720
44055 58740
44070 58760
44085 58780
44100 58800
44115 58820
44130 58840
44145 58860
44160 58880
44175 58900
44190 58920
44205 58940
44220 58960
44235 58980
44250 59000
44265 59020
44280 59040
44295 59060
44310 59080
44325 59100
44340 59120
44355 59140
44370 59160
44385 59180
44400 59200
44415 59220
44430 59240
44445 59260
44460 59280
44475 59300
44490 59320
44505 59340
44520 59360
44535 59380
44550 59400
44565 59420
44580 59440
44595 59460
44610 59480
44625 59500
44640 59520
44655 59540
44670 59560
44685 59580
44700 59600
44715 59620
44730 59640
44745 59660
44760 59680
44775 59700
44790 59720
44805 59740
44820 59760
44835 59780
44850 59800
44865 59820
44880 59840
44895 59860
44910 59880
44925 59900
44940 59920
44955 59940
44970 59960
44985 59980
45000 60000
45015 60020
45030 60040
45045 60060
45060 60080
45075 60100
45090 60120
45105 60140
45120 60160
45135 60180
45150 60200
45165 60220
45180 60240
45195 60260
45210 60280
45225 60300
45240 60320
45255 60340
45270 60360
45285 60380
45300 60400
45315 60420
45330 60440
45345 60460
45360 60480
45375 60500
45390 60520
45405 60540
45420 60560
45435 60580
45450 60600
45465 60620
45480 60640
45495 60660
45510 60680
45525 60700
45540 60720
45555 60740
45570 60760
45585 60780
45600 60800
45615 60820
45630 60840
45645 60860
45660 60880
45675 60900
45690 60920
45705 60940
45720 60960
45735 60980
45750 61000
45765 61020
45780 61040
45795 61060
45810 61080
45825 61100
45840 61120
45855 61140
45870 61160
45885 61180
45900 61200
45915 61220
45930 61240
45945 61260
45960 61280
45975 61300
45990 61320
46005 61340
46020 61360
46035 61380
46050 61400
46065 61420
46080 61440
46095 61460
46110 61480
46125 61500
46140 61520
46155 61540
46170 61560
46185 61580
46200 61600
46215 61620
46230 61640
46245 61660
46260 61680
46275 61700
46290 61720
46305 61740
46320 61760
46335 61780
46350 61800
46365 61820
46380 61840
46395 61860
46410 61880
46425 61900
46440 61920
46455 61940
46470 61960
46485 61980
46500 62000
46515 62020
46530 62040
46545 62060
46560 62080
46575 62100
46590 62120
46605 62140
46620 62160
46635 62180
46650 62200
46665 62220
46680 62240
46695 62260
46710 62280
46725 62300
46740 62320
46755 62340
46770 62360
46785 62380
46800 62400
46815 62420
46830 62440
46845 62460
46860 62480
46875 62500
46890 62520
46905 62540
46920 62560
46935 62580
46950 62600
46965 62620
46980 62640
46995 62660
47010 62680
47025 62700
47040 62720
47055 62740
47070 62760
47085 62780
47100 62800
47115 62820
47130 62840
47145 62860
47160 62880
47175 62900
47190 62920
47205 62940
47220 62960
47235 62980
47250 63000
47265 63020
47280 63040
47295 63060
47310 63080
47325 63100
47340 63120
47355 63140
47370 63160
47385 63180
47400 63200
47415 63220
47430 63240
47445 63260
47460 63280
47475 63300
47490 63320
47505 63340
47520 63360
47535 63380
47550 63400
47565 63420
47580 63440
47595 63460
47610 63480
47625 63500
47640 63520
47655 63540
47670 63560
47685 63580
47700 63600
47715 63620
47730 63640
47745 63660
47760 63680
47775 63700
47790 63720
47805 63740
47820 63760
47835 63780
47850 63800
47865 63820
47880 63840
47895 63860
47910 63880
47925 63900
47940 63920
47955 63940
47970 63960
47985 63980
48000 64000
48015 64020
48030 64040
48045 64060
48060 64080
48075 64100
48090 64120
48105 64140
48120 64160
48135 64180
48150 64200
48165 64220
48180 64240
48195 64260
48210 64280
48225 64300
48240 64320
48255 64340
48270 64360
48285 64380
48300 64400
48315 64420
48330 64440
48345 64460
48360 64480
48375 64500
48390 64520
48405 64540
48420 64560
48435 64580
48450 64600
48465 64620
48480 64640
48495 64660
48510 64680
48525 64700
48540 64720
48555 64740
48570 64760
48585 64780
48600 64800
48615 64820
48630 64840
48645 64860
48660 64880
48675 64900
48690 64920
48705 64940
48720 64960
48735 64980
48750 65000
48765 65020
48780 65040
48795 65060
48810 65080
48825 65100
48840 65120
48855 65140
48870 65160
48885 65180
48900 65200
48915 65220
48930 65240
48945 65260
48960 65280
48975 65300
48990 65320
49005 65340
49020 65360
49035 65380
49050 65400
49065 65420
49080 65440
49095 65460
49110 65480
49125 65500
49140 65520
49155 65540
49170 65560
49185 65580
49200 65600
49215 65620
49230 65640
49245 65660
49260 65680
49275 65700
49290 65720
49305 65740
49320 65760
49335 65780
49350 65800
49365 65820
49380 65840
49395 65860
49410 65880
49425 65900
49440 65920
49455 65940
49470 65960
49485 65980
49500 66000
49515 66020
49530 66040
49545 66060
49560 66080
49575 66100
49590 66120
49605 66140
49620 66160
49635 66180
49650 66200
49665 66220
49680 66240
49695 66260
49710 66280
49725 66300
49740 66320
49755 66340
49770 66360
49785 66380
49800 66400
49815 66420
49830 66440
49845 66460
49860 66480
49875 66500
49890 66520
49905 66540
49920 66560
49935 66580
49950 66600
49965 66620
49980 66640
49995 66660
50010 66680
50025 66700
50040 66720
50055 66740
50070 66760
50085 66780
50100 66800
50115 66820
50130 66840
50145 66860
50160 66880
50175 66900
50190 66920
50205 66940
50220 66960
50235 66980
50250 67000
50265 67020
50280 67040
50295 67060
50310 67080
50325 67100
50340 67120
50355 67140
50370 67160
50385 67180
50400 67200
50415 67220
50430 67240
50445 67260
50460 67280
50475 67300
50490 67320
50505 67340
50520 67360
50535 67380
50550 67400
50565 67420
50580 67440
50595 67460
50610 67480
50625 67500
50640 67520
50655 67540
50670 67560
50685 67580
50700 67600
50715 67620
50730 67640
50745 67660
50760 67680
50775 67700
50790 67720
50805 67740
50820 67760
50835 67780
50850 67800
50865 67820
50880 67840
50895 67860
50910 67880
50925 67900
50940 67920
50955 67940
50970 67960
50985 67980
51000 68000
51015 68020
51030 68040
51045 68060
51060 68080
51075 68100
51090 68120
51105 68140
51120 68160
51135 68180
51150 68200
51165 68220
51180 68240
51195 68260
51210 68280
51225 68300
51240 68320
51255 68340
51270 68360
51285 68380
51300 68400
51315 68420
51330 68440
51345 68460
51360 68480
51375 68500
51390 68520
51405 68540
51420 68560
51435 68580
51450 68600
51465 68620
51480 68640
51495 68660
51510 68680
51525 68700
51540 68720
51555 68740
51570 68760
51585 68780
51600 68800
51615 68820
51630 68840
51645 68860
51660 68880
51675 68900
51690 68920
51705 68940
51720 68960
51735 68980
51750 69000
51765 69020
51780 69040
51795 69060
51810 69080
51825 69100
51840 69120
51855 69140
51870 69160
51885 69180
51900 69200
51915 69220
51930 69240
51945 69260
51960 69280
51975 69300
51990 69320
52005 69340
52020 69360
52035 69380
52050 69400
52065 69420
52080 69440
52095 69460
52110 69480
52125 69500
52140 69520
52155 69540
52170 69560
52185 69580
52200 69600
52215 69620
52230 69640
52245 69660
52260 69680
52275 69700
52290 69720
52305 69740
52320 69760
52335 69780
52350 69800
52365 69820
52380 69840
52395 69860
52410 69880
52425 69900
52440 69920
52455 69940
52470 69960
52485 69980
52500 70000
52515 70020
52530 70040
52545 70060
52560 70080
52575 70100
52590 70120
52605 70140
52620 70160
52635 70180
52650 70200
52665 70220
52680 70240
52695 70260
52710 70280
52725 70300
52740 70320
52755 70340
52770 70360
52785 70380
52800 70400
52815 70420
52830 70440
52845 70460
52860 70480
52875 70500
52890 70520
52905 70540
52920 70560
52935 70580
52950 70600
52965 70620
52980 70640
52995 70660
53010 70680
53025 70700
53040 70720
53055 70740
53070 70760
53085 70780
53100 70800
53115 70820
53130 70840
53145 70860
53160 70880
53175 70900
53190 70920
53205 70940
53220 70960
53235 70980
53250 71000
53265 71020
53280 71040
53295 71060
53310 71080
53325 71100
53340 71120
53355 71140
53370 71160
53385 71180
53400 71200
53415 71220
53430 71240
53445 71260
53460 71280
53475 71300
53490 71320
53505 71340
53520 71360
53535 71380
53550 71400
53565 71420
53580 71440
53595 71460
53610 71480
53625 71500
53640 71520
53655 71540
53670 71560
53685 71580
53700 71600
53715 71620
53730 71640
53745 71660
53760 71680
53775 71700
53790 71720
53805 71740
53820 71760
53835 71780
53850 71800
53865 71820
53880 71840
53895 71860
53910 71880
53925 71900
53940 71920
53955 71940
53970 71960
53985 71980
54000 72000
54015 72020
54030 72040
54045 72060
54060 72080
54075 72100
54090 72120
54105 72140
54120 72160
54135 72180
54150 72200
54165 72220
54180 72240
54195 72260
54210 72280
54225 72300
54240 72320
54255 72340
54270 72360
54285 72380
54300 72400
54315 72420
54330 72440
54345 72460
54360 72480
54375 72500
54390 72520
54405 72540
54420 72560
54435 72580
54450 72600
54465 72620
54480 72640
54495 72660
54510 72680
54525 72700
54540 72720
54555 72740
54570 72760
54585 72780
54600 72800
54615 72820
54630 72840
54645 72860
54660 72880
54675 72900
54690 72920
54705 72940
54720 72960
54735 72980
54750 73000
54765 73020
54780 73040
54795 73060
54810 73080
54825 73100
54840 73120
54855 73140
54870 73160
54885 73180
54900 73200
54915 73220
54930 73240
54945 73260
54960 73280
54975 73300
54990 73320
55005 73340
55020 73360
55035 73380
55050 73400
55065 73420
55080 73440
55095 73460
55110 73480
55125 73500
55140 73520
55155 73540
55170 73560
55185 73580
55200 73600
55215 73620
55230 73640
55245 73660
55260 73680
55275 73700
55290 73720
55305 73740
55320 73760
55335 73780
55350 73800
55365 73820
55380 73840
55395 73860
55410 73880
55425 73900
55440 73920
55455 73940
55470 73960
55485 73980
55500 74000
55515 74020
55530 74040
55545 74060
55560 74080
55575 74100
55590 74120
55605 74140
55620 74160
55635 74180
55650 74200
55665 74220
55680 74240
55695 74260
55710 74280
55725 74300
55740 74320
55755 74340
55770 74360
55785 74380
55800 74400
55815 74420
55830 74440
55845 74460
55860 74480
55875 74500
55890 74520
55905 74540
55920 74560
55935 74580
55950 74600
55965 74620
55980 74640
55995 74660
56010 74680
56025 74700
56040 74720
56055 74740
56070 74760
56085 74780
56100 74800
56115 74820
56130 74840
56145 74860
56160 74880
56175 74900
56190 74920
56205 74940
56220 74960
56235 74980
56250 75000
56265 75020
56280 75040
56295 75060
56310 75080
56325 75100
56340 75120
56355 75140
56370 75160
56385 75180
56400 75200
56415 75220
56430 75240
56445 75260
56460 75280
56475 75300
56490 75320
56505 75340
56520 75360
56535 75380
56550 75400
56565 75420
56580 75440
56595 75460
56610 75480
56625 75500
56640 75520
56655 75540
56670 75560
56685 75580
56700 75600
56715 75620
56730 75640
56745 75660
56760 75680
56775 75700
56790 75720
56805 75740
56820 75760
56835 75780
56850 75800
56865 75820
56880 75840
56895 75860
56910 75880
56925 75900
56940 75920
56955 75940
56970 75960
56985 75980
57000 76000
57015 76020
57030 76040
57045 76060
57060 76080
57075 76100
57090 76120
57105 76140
57120 76160
57135 76180
57150 76200
57165 76220
57180 76240
57195 76260
57210 76280
57225 76300
57240 76320
57255 76340
57270 76360
57285 76380
57300 76400
57315 76420
57330 76440
57345 76460
57360 76480
57375 76500
57390 76520
57405 76540
57420 76560
57435 76580
57450 76600
57465 76620
57480 76640
57495 76660
57510 76680
57525 76700
57540 76720
57555 76740
57570 76760
57585 76780
57600 76800
57615 76820
57630 76840
57645 76860
57660 76880
57675 76900
57690 76920
57705 76940
57720 76960
57735 76980
57750 77000
57765 77020
57780 77040
57795 77060
57810 77080
57825 77100
57840 77120
57855 77140
57870 77160
57885 77180
57900 77200
57915 77220
57930 77240
57945 77260
57960 77280
57975 77300
57990 77320
58005 77340
58020 77360
58035 77380
58050 77400
58065 77420
58080 77440
58095 77460
58110 77480
58125 77500
58140 77520
58155 77540
58170 77560
58185 77580
58200 77600
58215 77620
58230 77640
58245 77660
58260 77680
58275 77700
58290 77720
58305 77740
58320 77760
58335 77780
58350 77800
58365 77820
58380 77840
58395 77860
58410 77880
58425 77900
58440 77920
58455 77940
58470 77960
58485 77980
58500 78000
58515 78020
58530 78040
58545 78060
58560 78080
58575 78100
58590 78120
58605 78140
58620 78160
58635 78180
58650 78200
58665 78220
58680 78240
58695 78260
58710 78280
58725 78300
58740 78320
58755 78340
58770 78360
58785 78380
58800 78400
58815 78420
58830 78440
58845 78460
58860 78480
58875 78500
58890 78520
58905 78540
58920 78560
58935 78580
58950 78600
58965 78620
58980 78640
58995 78660
59010 78680
59025 78700
59040 78720
59055 78740
59070 78760
59085 78780
59100 78800
59115 78820
59130 78840
59145 78860
59160 78880
59175 78900
59190 78920
59205 78940
59220 78960
59235 78980
59250 79000
59265 79020
59280 79040
59295 79060
59310 79080
59325 79100
59340 79120
59355 79140
59370 79160
59385 79180
59400 79200
59415 79220
59430 79240
59445 79260
59460 79280
59475 79300
59490 79320
59505 79340
59520 79360
59535 79380
59550 79400
59565 79420
59580 79440
59595 79460
59610 79480
59625 79500
59640 79520
59655 79540
59670 79560
59685 79580
59700 79600
59715 79620
59730 79640
59745 79660
59760 79680
59775 79700
59790 79720
59805 79740
59820 79760
59835 79780
59850 79800
59865 79820
59880 79840
59895 79860
59910 79880
59925 79900
59940 79920
59955 79940
59970 79960
59985 79980
60000 80000
60015 80020
60030 80040
60045 80060
60060 80080
60075 80100
60090 80120
60105 80140
60120 80160
60135 80180
60150 80200
60165 80220
60180 80240
60195 80260
60210 80280
60225 80300
60240 80320
60255 80340
60270 80360
60285 80380
60300 80400
60315 80420
60330 80440
60345 80460
60360 80480
60375 80500
60390 80520
60405 80540
60420 80560
60435 80580
60450 80600
60465 80620
60480 80640
60495 80660
60510 80680
60525 80700
60540 80720
60555 80740
60570 80760
60585 80780
60600 80800
60615 80820
60630 80840
60645 80860
60660 80880
60675 80900
60690 80920
60705 80940
60720 80960
60735 80980
60750 81000
60765 81020
60780 81040
60795 81060
60810 81080
60825 81100
60840 81120
60855 81140
60870 81160
60885 81180
60900 81200
60915 81220
60930 81240
60945 81260
60960 81280
60975 81300
60990 81320
61005 81340
61020 81360
61035 81380
61050 81400
61065 81420
61080 81440
61095 81460
61110 81480
61125 81500
61140 81520
61155 81540
61170 81560
61185 81580
61200 81600
61215 81620
61230 81640
61245 81660
61260 81680
61275 81700
61290 81720
61305 81740
61320 81760
61335 81780
61350 81800
61365 81820
61380 81840
61395 81860
61410 81880
61425 81900
61440 81920
61455 81940
61470 81960
61485 81980
61500 82000
61515 82020
61530 82040
61545 82060
61560 82080
61575 82100
61590 82120
61605 82140
61620 82160
61635 82180
61650 82200
61665 82220
61680 82240
61695 82260
61710 82280
61725 82300
61740 82320
61755 82340
61770 82360
61785 82380
61800 82400
61815 82420
61830 82440
61845 82460
61860 82480
61875 82500
61890 82520
61905 82540
61920 82560
61935 82580
61950 82600
61965 82620
61980 82640
61995 82660
62010 82680
62025 82700
62040 82720
62055 82740
62070 82760
62085 82780
62100 82800
62115 82820
62130 82840
62145 82860
62160 82880
62175 82900
62190 82920
62205 82940
62220 82960
62235 82980
62250 83000
62265 83020
62280 83040
62295 83060
62310 83080
62325 83100
62340 83120
62355 83140
62370 83160
62385 83180
62400 83200
62415 83220
62430 83240
62445 83260
62460 83280
62475 83300
62490 83320
62505 83340
62520 83360
62535 83380
62550 83400
62565 83420
62580 83440
62595 83460
62610 83480
62625 83500
62640 83520
62655 83540
62670 83560
62685 83580
62700 83600
62715 83620
62730 83640
62745 83660
62760 83680
62775 83700
62790 83720
62805 83740
62820 83760
62835 83780
62850 83800
62865 83820
62880 83840
62895 83860
62910 83880
62925 83900
62940 83920
62955 83940
62970 83960
62985 83980
63000 84000
63015 84020
63030 84040
63045 84060
63060 84080
63075 84100
63090 84120
63105 84140
63120 84160
63135 84180
63150 84200
63165 84220
63180 84240
63195 84260
63210 84280
63225 84300
63240 84320
63255 84340
63270 84360
63285 84380
63300 84400
63315 84420
63330 84440
63345 84460
63360 84480
63375 84500
63390 84520
63405 84540
63420 84560
63435 84580
63450 84600
63465 84620
63480 84640
63495 84660
63510 84680
63525 84700
63540 84720
63555 84740
63570 84760
63585 84780
63600 84800
63615 84820
63630 84840
63645 84860
63660 84880
63675 84900
63690 84920
63705 84940
63720 84960
63735 84980
63750 85000
63765 85020
63780 85040
63795 85060
63810 85080
63825 85100
63840 85120
63855 85140
63870 85160
63885 85180
63900 85200
63915 85220
63930 85240
63945 85260
63960 85280
63975 85300
63990 85320
64005 85340
64020 85360
64035 85380
64050 85400
64065 85420
64080 85440
64095 85460
64110 85480
64125 85500
64140 85520
64155 85540
64170 85560
64185 85580
64200 85600
64215 85620
64230 85640
64245 85660
64260 85680
64275 85700
64290 85720
64305 85740
64320 85760
64335 85780
64350 85800
64365 85820
64380 85840
64395 85860
64410 85880
64425 85900
64440 85920
64455 85940
64470 85960
64485 85980
64500 86000
64515 86020
64530 86040
64545 86060
64560 86080
64575 86100
64590 86120
64605 86140
64620 86160
64635 86180
64650 86200
64665 86220
64680 86240
64695 86260
64710 86280
64725 86300
64740 86320
64755 86340
64770 86360
64785 86380
64800 86400
64815 86420
64830 86440
64845 86460
64860 86480
64875 86500
64890 86520
64905 86540
64920 86560
64935 86580
64950 86600
64965 86620
64980 86640
64995 86660
65010 86680
65025 86700
65040 86720
65055 86740
65070 86760
65085 86780
65100 86800
65115 86820
65130 86840
65145 86860
65160 86880
65175 86900
65190 86920
65205 86940
65220 86960
65235 86980
65250 87000
65265 87020
65280 87040
65295 87060
65310 87080
65325 87100
65340 87120
65355 87140
65370 87160
65385 87180
65400 87200
65415 87220
65430 87240
65445 87260
65460 87280
65475 87300
65490 87320
65505 87340
65520 87360
65535 87380
65550 87400
65565 87420
65580 87440
65595 87460
65610 87480
65625 87500
65640 87520
65655 87540
65670 87560
65685 87580
65700 87600
65715 87620
65730 87640
65745 87660
65760 87680
65775 87700
65790 87720
65805 87740
65820 87760
65835 87780
65850 87800
65865 87820
65880 87840
65895 87860
65910 87880
65925 87900
65940 87920
65955 87940
65970 87960
65985 87980
66000 88000
66015 88020
66030 88040
66045 88060
66060 88080
66075 88100
66090 88120
66105 88140
66120 88160
66135 88180
66150 88200
66165 88220
66180 88240
66195 88260
66210 88280
66225 88300
66240 88320
66255 88340
66270 88360
66285 88380
66300 88400
66315 88420
66330 88440
66345 88460
66360 88480
66375 88500
66390 88520
66405 88540
66420 88560
66435 88580
66450 88600
66465 88620
66480 88640
66495 88660
66510 88680
66525 88700
66540 88720
66555 88740
66570 88760
66585 88780
66600 88800
66615 88820
66630 88840
66645 88860
66660 88880
66675 88900
66690 88920
66705 88940
66720 88960
66735 88980
66750 89000
66765 89020
66780 89040
66795 89060
66810 89080
66825 89100
66840 89120
66855 89140
66870 89160
66885 89180
66900 89200
66915 89220
66930 89240
66945 89260
66960 89280
66975 89300
66990 89320
67005 89340
67020 89360
67035 89380
67050 89400
67065 89420
67080 89440
67095 89460
67110 89480
67125 89500
67140 89520
67155 89540
67170 89560
67185 89580
67200 89600
67215 89620
67230 89640
67245 89660
67260 89680
67275 89700
67290 89720
67305 89740
67320 89760
67335 89780
67350 89800
67365 89820
67380 89840
67395 89860
67410 89880
67425 89900
67440 89920
67455 89940
67470 89960
67485 89980
67500 90000
67515 90020
67530 90040
67545 90060
67560 90080
67575 90100
67590 90120
67605 90140
67620 90160
67635 90180
67650 90200
67665 90220
67680 90240
67695 90260
67710 90280
67725 90300
67740 90320
67755 90340
67770 90360
67785 90380
67800 90400
67815 90420
67830 90440
67845 90460
67860 90480
67875 90500
67890 90520
67905 90540
67920 90560
67935 90580
67950 90600
67965 90620
67980 90640
67995 90660
68010 90680
68025 90700
68040 90720
68055 90740
68070 90760
68085 90780
68100 90800
68115 90820
68130 90840
68145 90860
68160 90880
68175 90900
68190 90920
68205 90940
68220 90960
68235 90980
68250 91000
68265 91020
68280 91040
68295 91060
68310 91080
68325 91100
68340 91120
68355 91140
68370 91160
68385 91180
68400 91200
68415 91220
68430 91240
68445 91260
68460 91280
68475 91300
68490 91320
68505 91340
68520 91360
68535 91380
68550 91400
68565 91420
68580 91440
68595 91460
68610 91480
68625 91500
68640 91520
68655 91540
68670 91560
68685 91580
68700 91600
68715 91620
68730 91640
68745 91660
68760 91680
68775 91700
68790 91720
68805 91740
68820 91760
68835 91780
68850 91800
68865 91820
68880 91840
68895 91860
68910 91880
68925 91900
68940 91920
68955 91940
68970 91960
68985 91980
69000 92000
69015 92020
69030 92040
69045 92060
69060 92080
69075 92100
69090 92120
69105 92140
69120 92160
69135 92180
69150 92200
69165 92220
69180 92240
69195 92260
69210 92280
69225 92300
69240 92320
69255 92340
69270 92360
69285 92380
69300 92400
69315 92420
69330 92440
69345 92460
69360 92480
69375 92500
69390 92520
69405 92540
69420 92560
69435 92580
69450 92600
69465 92620
69480 92640
69495 92660
69510 92680
69525 92700
69540 92720
69555 92740
69570 92760
69585 92780
69600 92800
69615 92820
69630 92840
69645 92860
69660 92880
69675 92900
69690 92920
69705 92940
69720 92960
69735 92980
69750 93000
69765 93020
69780 93040
69795 93060
69810 93080
69825 93100
69840 93120
69855 93140
69870 93160
69885 93180
69900 93200
69915 93220
69930 93240
69945 93260
69960 93280
69975 93300
69990 93320
70005 93340
70020 93360
70035 93380
70050 93400
70065 93420
70080 93440
70095 93460
70110 93480
70125 93500
70140 93520
70155 93540
70170 93560
70185 93580
70200 93600
70215 93620
70230 93640
70245 93660
70260 93680
70275 93700
70290 93720
70305 93740
70320 93760
70335 93780
70350 93800
70365 93820
70380 93840
70395 93860
70410 93880
70425 93900
70440 93920
70455 93940
70470 93960
70485 93980
70500 94000
70515 94020
70530 94040
70545 94060
70560 94080
70575 94100
70590 94120
70605 94140
70620 94160
70635 94180
70650 94200
70665 94220
70680 94240
70695 94260
70710 94280
70725 94300
70740 94320
70755 94340
70770 94360
70785 94380
70800 94400
70815 94420
70830 94440
70845 94460
70860 94480
70875 94500
70890 94520
70905 94540
70920 94560
70935 94580
70950 94600
70965 94620
70980 94640
70995 94660
71010 94680
71025 94700
71040 94720
71055 94740
71070 94760
71085 94780
71100 94800
71115 94820
71130 94840
71145 94860
71160 94880
71175 94900
71190 94920
71205 94940
71220 94960
71235 94980
71250 95000
71265 95020
71280 95040
71295 95060
71310 95080
71325 95100
71340 95120
71355 95140
71370 95160
71385 95180
71400 95200
71415 95220
71430 95240
71445 95260
71460 95280
71475 95300
71490 95320
71505 95340
71520 95360
71535 95380
71550 95400
71565 95420
71580 95440
71595 95460
71610 95480
71625 95500
71640 95520
71655 95540
71670 95560
71685 95580
71700 95600
71715 95620
71730 95640
71745 95660
71760 95680
71775 95700
71790 95720
71805 95740
71820 95760
71835 95780
71850 95800
71865 95820
71880 95840
71895 95860
71910 95880
71925 95900
71940 95920
71955 95940
71970 95960
71985 95980
72000 96000
72015 96020
72030 96040
72045 96060
72060 96080
72075 96100
72090 96120
72105 96140
72120 96160
72135 96180
72150 96200
72165 96220
72180 96240
72195 96260
72210 96280
72225 96300
72240 96320
72255 96340
72270 96360
72285 96380
72300 96400
72315 96420
72330 96440
72345 96460
72360 96480
72375 96500
72390 96520
72405 96540
72420 96560
72435 96580
72450 96600
72465 96620
72480 96640
72495 96660
72510 96680
72525 96700
72540 96720
72555 96740
72570 96760
72585 96780
72600 96800
72615 96820
72630 96840
72645 96860
72660 96880
72675 96900
72690 96920
72705 96940
72720 96960
72735 96980
72750 97000
72765 97020
72780 97040
72795 97060
72810 97080
72825 97100
72840 97120
72855 97140
72870 97160
72885 97180
72900 97200
72915 97220
72930 97240
72945 97260
72960 97280
72975 97300
72990 97320
73005 97340
73020 97360
73035 97380
73050 97400
73065 97420
73080 97440
73095 97460
73110 97480
73125 97500
73140 97520
73155 97540
73170 97560
73185 97580
73200 97600
73215 97620
73230 97640
73245 97660
73260 97680
73275 97700
73290 97720
73305 97740
73320 97760
73335 97780
73350 97800
73365 97820
73380 97840
73395 97860
73410 97880
73425 97900
73440 97920
73455 97940
73470 97960
73485 97980
73500 98000
73515 98020
73530 98040
73545 98060
73560 98080
73575 98100
73590 98120
73605 98140
73620 98160
73635 98180
73650 98200
73665 98220
73680 98240
73695 98260
73710 98280
73725 98300
73740 98320
73755 98340
73770 98360
73785 98380
73800 98400
73815 98420
73830 98440
73845 98460
73860 98480
73875 98500
73890 98520
73905 98540
73920 98560
73935 98580
73950 98600
73965 98620
73980 98640
73995 98660
74010 98680
74025 98700
74040 98720
74055 98740
74070 98760
74085 98780
74100 98800
74115 98820
74130 98840
74145 98860
74160 98880
74175 98900
74190 98920
74205 98940
74220 98960
74235 98980
74250 99000
74265 99020
74280 99040
74295 99060
74310 99080
74325 99100
74340 99120
74355 99140
74370 99160
74385 99180
74400 99200
74415 99220
74430 99240
74445 99260
74460 99280
74475 99300
74490 99320
74505 99340
74520 99360
74535 99380
74550 99400
74565 99420
74580 99440
74595 99460
74610 99480
74625 99500
74640 99520
74655 99540
74670 99560
74685 99580
74700 99600
74715 99620
74730 99640
74745 99660
74760 99680
74775 99700
74790 99720
74805 99740
74820 99760
74835 99780
74850 99800
74865 99820
74880 99840
74895 99860
74910 99880
74925 99900
74940 99920
74955 99940
74970 99960
74985 10
