4999
0 0
15 1
30 3
45 6
60 10
75 15
90 21
105 28
120 36
135 45
150 55
165 66
180 78
195 91
210 105
225 120
240 136
255 153
270 171
285 190
300 210
315 231
330 253
345 276
360 300
375 325
390 351
405 378
420 406
435 435
450 465
465 496
480 528
495 561
510 595
525 630
540 666
555 703
570 741
585 780
600 820
615 861
630 903
645 946
660 990
675 1035
690 1081
705 1128
720 1176
735 1225
750 1275
765 1326
780 1378
795 1431
810 1485
825 1540
840 1596
855 1653
870 1711
885 1770
900 1830
915 1891
930 1953
945 2016
960 2080
975 2145
990 2211
1005 2278
1020 2346
1035 2415
1050 2485
1065 2556
1080 2628
1095 2701
1110 2775
1125 2850
1140 2926
1155 3003
1170 3081
1185 3160
1200 3240
1215 3321
1230 3403
1245 3486
1260 3570
1275 3655
1290 3741
1305 3828
1320 3916
1335 4005
1350 4095
1365 4186
1380 4278
1395 4371
1410 4465
1425 4560
1440 4656
1455 4753
1470 4851
1485 4950
1500 5050
1515 5151
1530 5253
1545 5356
1560 5460
1575 5565
1590 5671
1605 5778
1620 5886
1635 5995
1650 6105
1665 6216
1680 6328
1695 6441
1710 6555
1725 6670
1740 6786
1755 6903
1770 7021
1785 7140
1800 7260
1815 7381
1830 7503
1845 7626
1860 7750
1875 7875
1890 8001
1905 8128
1920 8256
1935 8385
1950 8515
1965 8646
1980 8778
1995 8911
2010 9045
2025 9180
2040 9316
2055 9453
2070 9591
2085 9730
2100 9870
2115 10011
2130 10153
2145 10296
2160 10440
2175 10585
2190 10731
2205 10878
2220 11026
2235 11175
2250 11325
2265 11476
2280 11628
2295 11781
2310 11935
2325 12090
2340 12246
2355 12403
2370 12561
2385 12720
2400 12880
2415 13041
2430 13203
2445 13366
2460 13530
2475 13695
2490 13861
2505 14028
2520 14196
2535 14365
2550 14535
2565 14706
2580 14878
2595 15051
2610 15225
2625 15400
2640 15576
2655 15753
2670 15931
2685 16110
2700 16290
2715 16471
2730 16653
2745 16836
2760 17020
2775 17205
2790 17391
2805 17578
2820 17766
2835 17955
2850 18145
2865 18336
2880 18528
2895 18721
2910 18915
2925 19110
2940 19306
2955 19503
2970 19701
2985 19900
3000 20100
3015 20301
3030 20503
3045 20706
3060 20910
3075 21115
3090 21321
3105 21528
3120 21736
3135 21945
3150 22155
3165 22366
3180 22578
3195 22791
3210 23005
3225 23220
3240 23436
3255 23653
3270 23871
3285 24090
3300 24310
3315 24531
3330 24753
3345 24976
3360 25200
3375 25425
3390 25651
3405 25878
3420 26106
3435 26335
3450 26565
3465 26796
3480 27028
3495 27261
3510 27495
3525 27730
3540 27966
3555 28203
3570 28441
3585 28680
3600 28920
3615 29161
3630 29403
3645 29646
3660 29890
3675 30135
3690 30381
3705 30628
3720 30876
3735 31125
3750 31375
3765 31626
3780 31878
3795 32131
3810 32385
3825 32640
3840 32896
3855 33153
3870 33411
3885 33670
3900 33930
3915 34191
3930 34453
3945 34716
3960 34980
3975 35245
3990 35511
4005 35778
4020 36046
4035 36315
4050 36585
4065 36856
4080 37128
4095 37401
4110 37675
4125 37950
4140 38226
4155 38503
4170 38781
4185 39060
4200 39340
4215 39621
4230 39903
4245 40186
4260 40470
4275 40755
4290 41041
4305 41328
4320 41616
4335 41905
4350 42195
4365 42486
4380 42778
4395 43071
4410 43365
4425 43660
4440 43956
4455 44253
4470 44551
4485 44850
4500 45150
4515 45451
4530 45753
4545 46056
4560 46360
4575 46665
4590 46971
4605 47278
4620 47586
4635 47895
4650 48205
4665 48516
4680 48828
4695 49141
4710 49455
4725 49770
4740 50086
4755 50403
4770 50721
4785 51040
4800 51360
4815 51681
4830 52003
4845 52326
4860 52650
4875 52975
4890 53301
4905 53628
4920 53956
4935 54285
4950 54615
4965 54946
4980 55278
4995 55611
5010 55945
5025 56280
5040 56616
5055 56953
5070 57291
5085 57630
5100 57970
5115 58311
5130 58653
5145 58996
5160 59340
5175 59685
5190 60031
5205 60378
5220 60726
5235 61075
5250 61425
5265 61776
5280 62128
5295 62481
5310 62835
5325 63190
5340 63546
5355 63903
5370 64261
5385 64620
5400 64980
5415 65341
5430 65703
5445 66066
5460 66430
5475 66795
5490 67161
5505 67528
5520 67896
5535 68265
5550 68635
5565 69006
5580 69378
5595 69751
5610 70125
5625 70500
5640 70876
5655 71253
5670 71631
5685 72010
5700 72390
5715 72771
5730 73153
5745 73536
5760 73920
5775 74305
5790 74691
5805 75078
5820 75466
5835 75855
5850 76245
5865 76636
5880 77028
5895 77421
5910 77815
5925 78210
5940 78606
5955 79003
5970 79401
5985 79800
6000 80200
6015 80601
6030 81003
6045 81406
6060 81810
6075 82215
6090 82621
6105 83028
6120 83436
6135 83845
6150 84255
6165 84666
6180 85078
6195 85491
6210 85905
6225 86320
6240 86736
6255 87153
6270 87571
6285 87990
6300 88410
6315 88831
6330 89253
6345 89676
6360 90100
6375 90525
6390 90951
6405 91378
6420 91806
6435 92235
6450 92665
6465 93096
6480 93528
6495 93961
6510 94395
6525 94830
6540 95266
6555 95703
6570 96141
6585 96580
6600 97020
6615 97461
6630 97903
6645 98346
6660 98790
6675 99235
6690 99681
6705 100128
6720 100576
6735 101025
6750 101475
6765 101926
6780 102378
6795 102831
6810 103285
6825 103740
6840 104196
6855 104653
6870 105111
6885 105570
6900 106030
6915 106491
6930 106953
6945 107416
6960 107880
6975 108345
6990 108811
7005 109278
7020 109746
7035 110215
7050 110685
7065 111156
7080 111628
7095 112101
7110 112575
7125 113050
7140 113526
7155 114003
7170 114481
7185 114960
7200 115440
7215 115921
7230 116403
7245 116886
7260 117370
7275 117855
7290 118341
7305 118828
7320 119316
7335 119805
7350 120295
7365 120786
7380 121278
7395 121771
7410 122265
7425 122760
7440 123256
7455 123753
7470 124251
7485 124750
7500 125250
7515 125751
7530 126253
7545 126756
7560 127260
7575 127765
7590 128271
7605 128778
7620 129286
7635 129795
7650 130305
7665 130816
7680 131328
7695 131841
7710 132355
7725 132870
7740 133386
7755 133903
7770 134421
7785 134940
7800 135460
7815 135981
7830 136503
7845 137026
7860 137550
7875 138075
7890 138601
7905 139128
7920 139656
7935 140185
7950 140715
7965 141246
7980 141778
7995 142311
8010 142845
8025 143380
8040 143916
8055 144453
8070 144991
8085 145530
8100 146070
8115 146611
8130 147153
8145 147696
8160 148240
8175 148785
8190 149331
8205 149878
8220 150426
8235 150975
8250 151525
8265 152076
8280 152628
8295 153181
8310 153735
8325 154290
8340 154846
8355 155403
8370 155961
8385 156520
8400 157080
8415 157641
8430 158203
8445 158766
8460 159330
8475 159895
8490 160461
8505 161028
8520 161596
8535 162165
8550 162735
8565 163306
8580 163878
8595 164451
8610 165025
8625 165600
8640 166176
8655 166753
8670 167331
8685 167910
8700 168490
8715 169071
8730 169653
8745 170236
8760 170820
8775 171405
8790 171991
8805 172578
8820 173166
8835 173755
8850 174345
8865 174936
8880 175528
8895 176121
8910 176715
8925 177310
8940 177906
8955 178503
8970 179101
8985 179700
9000 180300
9015 180901
9030 181503
9045 182106
9060 182710
9075 183315
9090 183921
9105 184528
9120 185136
9135 185745
9150 186355
9165 186966
9180 187578
9195 188191
9210 188805
9225 189420
9240 190036
9255 190653
9270 191271
9285 191890
9300 192510
9315 193131
9330 193753
9345 194376
9360 195000
9375 195625
9390 196251
9405 196878
9420 197506
9435 198135
9450 198765
9465 199396
9480 200028
9495 200661
9510 201295
9525 201930
9540 202566
9555 203203
9570 203841
9585 204480
9600 205120
9615 205761
9630 206403
9645 207046
9660 207690
9675 208335
9690 208981
9705 209628
9720 210276
9735 210925
9750 211575
9765 212226
9780 212878
9795 213531
9810 214185
9825 214840
9840 215496
9855 216153
9870 216811
9885 217470
9900 218130
9915 218791
9930 219453
9945 220116
9960 220780
9975 221445
9990 222111
10005 222778
10020 223446
10035 224115
10050 224785
10065 225456
10080 226128
10095 226801
10110 227475
10125 228150
10140 228826
10155 229503
10170 230181
10185 230860
10200 231540
10215 232221
10230 232903
10245 233586
10260 234270
10275 234955
10290 235641
10305 236328
10320 237016
10335 237705
10350 238395
10365 239086
10380 239778
10395 240471
10410 241165
10425 241860
10440 242556
10455 243253
10470 243951
10485 244650
10500 245350
10515 246051
10530 246753
10545 247456
10560 248160
10575 248865
10590 249571
10605 250278
10620 250986
10635 251695
10650 252405
10665 253116
10680 253828
10695 254541
10710 255255
10725 255970
10740 256686
10755 257403
10770 258121
10785 258840
10800 259560
10815 260281
10830 261003
10845 261726
10860 262450
10875 263175
10890 263901
10905 264628
10920 265356
10935 266085
10950 266815
10965 267546
10980 268278
10995 269011
11010 269745
11025 270480
11040 271216
11055 271953
11070 272691
11085 273430
11100 274170
11115 274911
11130 275653
11145 276396
11160 277140
11175 277885
11190 278631
11205 279378
11220 280126
11235 280875
11250 281625
11265 282376
11280 283128
11295 283881
11310 284635
11325 285390
11340 286146
11355 286903
11370 287661
11385 288420
11400 289180
11415 289941
11430 290703
11445 291466
11460 292230
11475 292995
11490 293761
11505 294528
11520 295296
11535 296065
11550 296835
11565 297606
11580 298378
11595 299151
11610 299925
11625 300700
11640 301476
11655 302253
11670 303031
11685 303810
11700 304590
11715 305371
11730 306153
11745 306936
11760 307720
11775 308505
11790 309291
11805 310078
11820 310866
11835 311655
11850 312445
11865 313236
11880 314028
11895 314821
11910 315615
11925 316410
11940 317206
11955 318003
11970 318801
11985 319600
12000 320400
12015 321201
12030 322003
12045 322806
12060 323610
12075 324415
12090 325221
12105 326028
12120 326836
12135 327645
12150 328455
12165 329266
12180 330078
12195 330891
12210 331705
12225 332520
12240 333336
12255 334153
12270 334971
12285 335790
12300 336610
12315 337431
12330 338253
12345 339076
12360 339900
12375 340725
12390 341551
12405 342378
12420 343206
12435 344035
12450 344865
12465 345696
12480 346528
12495 347361
12510 348195
12525 349030
12540 349866
12555 350703
12570 351541
12585 352380
12600 353220
12615 354061
12630 354903
12645 355746
12660 356590
12675 357435
12690 358281
12705 359128
12720 359976
12735 360825
12750 361675
12765 362526
12780 363378
12795 364231
12810 365085
12825 365940
12840 366796
12855 367653
12870 368511
12885 369370
12900 370230
12915 371091
12930 371953
12945 372816
12960 373680
12975 374545
12990 375411
13005 376278
13020 377146
13035 378015
13050 378885
13065 379756
13080 380628
13095 381501
13110 382375
13125 383250
13140 384126
13155 385003
13170 385881
13185 386760
13200 387640
13215 388521
13230 389403
13245 390286
13260 391170
13275 392055
13290 392941
13305 393828
13320 394716
13335 395605
13350 396495
13365 397386
13380 398278
13395 399171
13410 400065
13425 400960
13440 401856
13455 402753
13470 403651
13485 404550
13500 405450
13515 406351
13530 407253
13545 408156
13560 409060
13575 409965
13590 410871
13605 411778
13620 412686
13635 413595
13650 414505
13665 415416
13680 416328
13695 417241
13710 418155
13725 419070
13740 419986
13755 420903
13770 421821
13785 422740
13800 423660
13815 424581
13830 425503
13845 426426
13860 427350
13875 428275
13890 429201
13905 430128
13920 431056
13935 431985
13950 432915
13965 433846
13980 434778
13995 435711
14010 436645
14025 437580
14040 438516
14055 439453
14070 440391
14085 441330
14100 442270
14115 443211
14130 444153
14145 445096
14160 446040
14175 446985
14190 447931
14205 448878
14220 449826
14235 450775
14250 451725
14265 452676
14280 453628
14295 454581
14310 455535
14325 456490
14340 457446
14355 458403
14370 459361
14385 460320
14400 461280
14415 462241
14430 463203
14445 464166
14460 465130
14475 466095
14490 467061
14505 468028
14520 468996
14535 469965
14550 470935
14565 471906
14580 472878
14595 473851
14610 474825
14625 475800
14640 476776
14655 477753
14670 478731
14685 479710
14700 480690
14715 481671
14730 482653
14745 483636
14760 484620
14775 485605
14790 486591
14805 487578
14820 488566
14835 489555
14850 490545
14865 491536
14880 492528
14895 493521
14910 494515
14925 495510
14940 496506
14955 497503
14970 498501
14985 499500
15000 500500
15015 501501
15030 502503
15045 503506
15060 504510
15075 505515
15090 506521
15105 507528
15120 508536
15135 509545
15150 510555
15165 511566
15180 512578
15195 513591
15210 514605
15225 515620
15240 516636
15255 517653
15270 518671
15285 519690
15300 520710
15315 521731
15330 522753
15345 523776
15360 524800
15375 525825
15390 526851
15405 527878
15420 528906
15435 529935
15450 530965
15465 531996
15480 533028
15495 534061
15510 535095
15525 536130
15540 537166
15555 538203
15570 539241
15585 540280
15600 541320
15615 542361
15630 543403
15645 544446
15660 545490
15675 546535
15690 547581
15705 548628
15720 549676
15735 550725
15750 551775
15765 552826
15780 553878
15795 554931
15810 555985
15825 557040
15840 558096
15855 559153
15870 560211
15885 561270
15900 562330
15915 563391
15930 564453
15945 565516
15960 566580
15975 567645
15990 568711
16005 569778
16020 570846
16035 571915
16050 572985
16065 574056
16080 575128
16095 576201
16110 577275
16125 578350
16140 579426
16155 580503
16170 581581
16185 582660
16200 583740
16215 584821
16230 585903
16245 586986
16260 588070
16275 589155
16290 590241
16305 591328
16320 592416
16335 593505
16350 594595
16365 595686
16380 596778
16395 597871
16410 598965
16425 600060
16440 601156
16455 602253
16470 603351
16485 604450
16500 605550
16515 606651
16530 607753
16545 608856
16560 609960
16575 611065
16590 612171
16605 613278
16620 614386
16635 615495
16650 616605
16665 617716
16680 618828
16695 619941
16710 621055
16725 622170
16740 623286
16755 624403
16770 625521
16785 626640
16800 627760
16815 628881
16830 630003
16845 631126
16860 632250
16875 633375
16890 634501
16905 635628
16920 636756
16935 637885
16950 639015
16965 640146
16980 641278
16995 642411
17010 643545
17025 644680
17040 645816
17055 646953
17070 648091
17085 649230
17100 650370
17115 651511
17130 652653
17145 653796
17160 654940
17175 656085
17190 657231
17205 658378
17220 659526
17235 660675
17250 661825
17265 662976
17280 664128
17295 665281
17310 666435
17325 667590
17340 668746
17355 669903
17370 671061
17385 672220
17400 673380
17415 674541
17430 675703
17445 676866
17460 678030
17475 679195
17490 680361
17505 681528
17520 682696
17535 683865
17550 685035
17565 686206
17580 687378
17595 688551
17610 689725
17625 690900
17640 692076
17655 693253
17670 694431
17685 695610
17700 696790
17715 697971
17730 699153
17745 700336
17760 701520
17775 702705
17790 703891
17805 705078
17820 706266
17835 707455
17850 708645
17865 709836
17880 711028
17895 712221
17910 713415
17925 714610
17940 715806
17955 717003
17970 718201
17985 719400
18000 720600
18015 721801
18030 723003
18045 724206
18060 725410
18075 726615
18090 727821
18105 729028
18120 730236
18135 731445
18150 732655
18165 733866
18180 735078
18195 736291
18210 737505
18225 738720
18240 739936
18255 741153
18270 742371
18285 743590
18300 744810
18315 746031
18330 747253
18345 748476
18360 749700
18375 750925
18390 752151
18405 753378
18420 754606
18435 755835
18450 757065
18465 758296
18480 759528
18495 760761
18510 761995
18525 763230
18540 764466
18555 765703
18570 766941
18585 768180
18600 769420
18615 770661
18630 771903
18645 773146
18660 774390
18675 775635
18690 776881
18705 778128
18720 779376
18735 780625
18750 781875
18765 783126
18780 784378
18795 785631
18810 786885
18825 788140
18840 789396
18855 790653
18870 791911
18885 793170
18900 794430
18915 795691
18930 796953
18945 798216
18960 799480
18975 800745
18990 802011
19005 803278
19020 804546
19035 805815
19050 807085
19065 808356
19080 809628
19095 810901
19110 812175
19125 813450
19140 814726
19155 816003
19170 817281
19185 818560
19200 819840
19215 821121
19230 822403
19245 823686
19260 824970
19275 826255
19290 827541
19305 828828
19320 830116
19335 831405
19350 832695
19365 833986
19380 835278
19395 836571
19410 837865
19425 839160
19440 840456
19455 841753
19470 843051
19485 844350
19500 845650
19515 846951
19530 848253
19545 849556
19560 850860
19575 852165
19590 853471
19605 854778
19620 856086
19635 857395
19650 858705
19665 860016
19680 861328
19695 862641
19710 863955
19725 865270
19740 866586
19755 867903
19770 869221
19785 870540
19800 871860
19815 873181
19830 874503
19845 875826
19860 877150
19875 878475
19890 879801
19905 881128
19920 882456
19935 883785
19950 885115
19965 886446
19980 887778
19995 889111
20010 890445
20025 891780
20040 893116
20055 894453
20070 895791
20085 897130
20100 898470
20115 899811
20130 901153
20145 902496
20160 903840
20175 905185
20190 906531
20205 907878
20220 909226
20235 910575
20250 911925
20265 913276
20280 914628
20295 915981
20310 917335
20325 918690
20340 920046
20355 921403
20370 922761
20385 924120
20400 925480
20415 926841
20430 928203
20445 929566
20460 930930
20475 932295
20490 933661
20505 935028
20520 936396
20535 937765
20550 939135
20565 940506
20580 941878
20595 943251
20610 944625
20625 946000
20640 947376
20655 948753
20670 950131
20685 951510
20700 952890
20715 954271
20730 955653
20745 957036
20760 958420
20775 959805
20790 961191
20805 962578
20820 963966
20835 965355
20850 966745
20865 968136
20880 969528
20895 970921
20910 972315
20925 973710
20940 975106
20955 976503
20970 977901
20985 979300
21000 980700
21015 982101
21030 983503
21045 984906
21060 986310
21075 987715
21090 989121
21105 990528
21120 991936
21135 993345
21150 994755
21165 996166
21180 997578
21195 998991
21210 1000405
21225 1001820
21240 1003236
21255 1004653
21270 1006071
21285 1007490
21300 1008910
21315 1010331
21330 1011753
21345 1013176
21360 1014600
21375 1016025
21390 1017451
21405 1018878
21420 1020306
21435 1021735
21450 1023165
21465 1024596
21480 1026028
21495 1027461
21510 1028895
21525 1030330
21540 1031766
21555 1033203
21570 1034641
21585 1036080
21600 1037520
21615 1038961
21630 1040403
21645 1041846
21660 1043290
21675 1044735
21690 1046181
21705 1047628
21720 1049076
21735 1050525
21750 1051975
21765 1053426
21780 1054878
21795 1056331
21810 1057785
21825 1059240
21840 1060696
21855 1062153
21870 1063611
21885 1065070
21900 1066530
21915 1067991
21930 1069453
21945 1070916
21960 1072380
21975 1073845
21990 1075311
22005 1076778
22020 1078246
22035 1079715
22050 1081185
22065 1082656
22080 1084128
22095 1085601
22110 1087075
22125 1088550
22140 1090026
22155 1091503
22170 1092981
22185 1094460
22200 1095940
22215 1097421
22230 1098903
22245 1100386
22260 1101870
22275 1103355
22290 1104841
22305 1106328
22320 1107816
22335 1109305
22350 1110795
22365 1112286
22380 1113778
22395 1115271
22410 1116765
22425 1118260
22440 1119756
22455 1121253
22470 1122751
22485 1124250
22500 1125750
22515 1127251
22530 1128753
22545 1130256
22560 1131760
22575 1133265
22590 1134771
22605 1136278
22620 1137786
22635 1139295
22650 1140805
22665 1142316
22680 1143828
22695 1145341
22710 1146855
22725 1148370
22740 1149886
22755 1151403
22770 1152921
22785 1154440
22800 1155960
22815 1157481
22830 1159003
22845 1160526
22860 1162050
22875 1163575
22890 1165101
22905 1166628
22920 1168156
22935 1169685
22950 1171215
22965 1172746
22980 1174278
22995 1175811
23010 1177345
23025 1178880
23040 1180416
23055 1181953
23070 1183491
23085 1185030
23100 1186570
23115 1188111
23130 1189653
23145 1191196
23160 1192740
23175 1194285
23190 1195831
23205 1197378
23220 1198926
23235 1200475
23250 1202025
23265 1203576
23280 1205128
23295 1206681
23310 1208235
23325 1209790
23340 1211346
23355 1212903
23370 1214461
23385 1216020
23400 1217580
23415 1219141
23430 1220703
23445 1222266
23460 1223830
23475 1225395
23490 1226961
23505 1228528
23520 1230096
23535 1231665
23550 1233235
23565 1234806
23580 1236378
23595 1237951
23610 1239525
23625 1241100
23640 1242676
23655 1244253
23670 1245831
23685 1247410
23700 1248990
23715 1250571
23730 1252153
23745 1253736
23760 1255320
23775 1256905
23790 1258491
23805 1260078
23820 1261666
23835 1263255
23850 1264845
23865 1266436
23880 1268028
23895 1269621
23910 1271215
23925 1272810
23940 1274406
23955 1276003
23970 1277601
23985 1279200
24000 1280800
24015 1282401
24030 1284003
24045 1285606
24060 1287210
24075 1288815
24090 1290421
24105 1292028
24120 1293636
24135 1295245
24150 1296855
24165 1298466
24180 1300078
24195 1301691
24210 1303305
24225 1304920
24240 1306536
24255 1308153
24270 1309771
24285 1311390
24300 1313010
24315 1314631
24330 1316253
24345 1317876
24360 1319500
24375 1321125
24390 1322751
24405 1324378
24420 1326006
24435 1327635
24450 1329265
24465 1330896
24480 1332528
24495 1334161
24510 1335795
24525 1337430
24540 1339066
24555 1340703
24570 1342341
24585 1343980
24600 1345620
24615 1347261
24630 1348903
24645 1350546
24660 1352190
24675 1353835
24690 1355481
24705 1357128
24720 1358776
24735 1360425
24750 1362075
24765 1363726
24780 1365378
24795 1367031
24810 1368685
24825 1370340
24840 1371996
24855 1373653
24870 1375311
24885 1376970
24900 1378630
24915 1380291
24930 1381953
24945 1383616
24960 1385280
24975 1386945
24990 1388611
25005 1390278
25020 1391946
25035 1393615
25050 1395285
25065 1396956
25080 1398628
25095 1400301
25110 1401975
25125 1403650
25140 1405326
25155 1407003
25170 1408681
25185 1410360
25200 1412040
25215 1413721
25230 1415403
25245 1417086
25260 1418770
25275 1420455
25290 1422141
25305 1423828
25320 1425516
25335 1427205
25350 1428895
25365 1430586
25380 1432278
25395 1433971
25410 1435665
25425 1437360
25440 1439056
25455 1440753
25470 1442451
25485 1444150
25500 1445850
25515 1447551
25530 1449253
25545 1450956
25560 1452660
25575 1454365
25590 1456071
25605 1457778
25620 1459486
25635 1461195
25650 1462905
25665 1464616
25680 1466328
25695 1468041
25710 1469755
25725 1471470
25740 1473186
25755 1474903
25770 1476621
25785 1478340
25800 1480060
25815 1481781
25830 1483503
25845 1485226
25860 1486950
25875 1488675
25890 1490401
25905 1492128
25920 1493856
25935 1495585
25950 1497315
25965 1499046
25980 1500778
25995 1502511
26010 1504245
26025 1505980
26040 1507716
26055 1509453
26070 1511191
26085 1512930
26100 1514670
26115 1516411
26130 1518153
26145 1519896
26160 1521640
26175 1523385
26190 1525131
26205 1526878
26220 1528626
26235 1530375
26250 1532125
26265 1533876
26280 1535628
26295 1537381
26310 1539135
26325 1540890
26340 1542646
26355 1544403
26370 1546161
26385 1547920
26400 1549680
26415 1551441
26430 1553203
26445 1554966
26460 1556730
26475 1558495
26490 1560261
26505 1562028
26520 1563796
26535 1565565
26550 1567335
26565 1569106
26580 1570878
26595 1572651
26610 1574425
26625 1576200
26640 1577976
26655 1579753
26670 1581531
26685 1583310
26700 1585090
26715 1586871
26730 1588653
26745 1590436
26760 1592220
26775 1594005
26790 1595791
26805 1597578
26820 1599366
26835 1601155
26850 1602945
26865 1604736
26880 1606528
26895 1608321
26910 1610115
26925 1611910
26940 1613706
26955 1615503
26970 1617301
26985 1619100
27000 1620900
27015 1622701
27030 1624503
27045 1626306
27060 1628110
27075 1629915
27090 1631721
27105 1633528
27120 1635336
27135 1637145
27150 1638955
27165 1640766
27180 1642578
27195 1644391
27210 1646205
27225 1648020
27240 1649836
27255 1651653
27270 1653471
27285 1655290
27300 1657110
27315 1658931
27330 1660753
27345 1662576
27360 1664400
27375 1666225
27390 1668051
27405 1669878
27420 1671706
27435 1673535
27450 1675365
27465 1677196
27480 1679028
27495 1680861
27510 1682695
27525 1684530
27540 1686366
27555 1688203
27570 1690041
27585 1691880
27600 1693720
27615 1695561
27630 1697403
27645 1699246
27660 1701090
27675 1702935
27690 1704781
27705 1706628
27720 1708476
27735 1710325
27750 1712175
27765 1714026
27780 1715878
27795 1717731
27810 1719585
27825 1721440
27840 1723296
27855 1725153
27870 1727011
27885 1728870
27900 1730730
27915 1732591
27930 1734453
27945 1736316
27960 1738180
27975 1740045
27990 1741911
28005 1743778
28020 1745646
28035 1747515
28050 1749385
28065 1751256
28080 1753128
28095 1755001
28110 1756875
28125 1758750
28140 1760626
28155 1762503
28170 1764381
28185 1766260
28200 1768140
28215 1770021
28230 1771903
28245 1773786
28260 1775670
28275 1777555
28290 1779441
28305 1781328
28320 1783216
28335 1785105
28350 1786995
28365 1788886
28380 1790778
28395 1792671
28410 1794565
28425 1796460
28440 1798356
28455 1800253
28470 1802151
28485 1804050
28500 1805950
28515 1807851
28530 1809753
28545 1811656
28560 1813560
28575 1815465
28590 1817371
28605 1819278
28620 1821186
28635 1823095
28650 1825005
28665 1826916
28680 1828828
28695 1830741
28710 1832655
28725 1834570
28740 1836486
28755 1838403
28770 1840321
28785 1842240
28800 1844160
28815 1846081
28830 1848003
28845 1849926
28860 1851850
28875 1853775
28890 1855701
28905 1857628
28920 1859556
28935 1861485
28950 1863415
28965 1865346
28980 1867278
28995 1869211
29010 1871145
29025 1873080
29040 1875016
29055 1876953
29070 1878891
29085 1880830
29100 1882770
29115 1884711
29130 1886653
29145 1888596
29160 1890540
29175 1892485
29190 1894431
29205 1896378
29220 1898326
29235 1900275
29250 1902225
29265 1904176
29280 1906128
29295 1908081
29310 1910035
29325 1911990
29340 1913946
29355 1915903
29370 1917861
29385 1919820
29400 1921780
29415 1923741
29430 1925703
29445 1927666
29460 1929630
29475 1931595
29490 1933561
29505 1935528
29520 1937496
29535 1939465
29550 1941435
29565 1943406
29580 1945378
29595 1947351
29610 1949325
29625 1951300
29640 1953276
29655 1955253
29670 1957231
29685 1959210
29700 1961190
29715 1963171
29730 1965153
29745 1967136
29760 1969120
29775 1971105
29790 1973091
29805 1975078
29820 1977066
29835 1979055
29850 1981045
29865 1983036
29880 1985028
29895 1987021
29910 1989015
29925 1991010
29940 1993006
29955 1995003
29970 1997001
29985 1999000
30000 2001000
30015 2003001
30030 2005003
30045 2007006
30060 2009010
30075 2011015
30090 2013021
30105 2015028
30120 2017036
30135 2019045
30150 2021055
30165 2023066
30180 2025078
30195 2027091
30210 2029105
30225 2031120
30240 2033136
30255 2035153
30270 2037171
30285 2039190
30300 2041210
30315 2043231
30330 2045253
30345 2047276
30360 2049300
30375 2051325
30390 2053351
30405 2055378
30420 2057406
30435 2059435
30450 2061465
30465 2063496
30480 2065528
30495 2067561
30510 2069595
30525 2071630
30540 2073666
30555 2075703
30570 2077741
30585 2079780
30600 2081820
30615 2083861
30630 2085903
30645 2087946
30660 2089990
30675 2092035
30690 2094081
30705 2096128
30720 2098176
30735 2100225
30750 2102275
30765 2104326
30780 2106378
30795 2108431
30810 2110485
30825 2112540
30840 2114596
30855 2116653
30870 2118711
30885 2120770
30900 2122830
30915 2124891
30930 2126953
30945 2129016
30960 2131080
30975 2133145
30990 2135211
31005 2137278
31020 2139346
31035 2141415
31050 2143485
31065 2145556
31080 2147628
31095 2149701
31110 2151775
31125 2153850
31140 2155926
31155 2158003
31170 2160081
31185 2162160
31200 2164240
31215 2166321
31230 2168403
31245 2170486
31260 2172570
31275 2174655
31290 2176741
31305 2178828
31320 2180916
31335 2183005
31350 2185095
31365 2187186
31380 2189278
31395 2191371
31410 2193465
31425 2195560
31440 2197656
31455 2199753
31470 2201851
31485 2203950
31500 2206050
31515 2208151
31530 2210253
31545 2212356
31560 2214460
31575 2216565
31590 2218671
31605 2220778
31620 2222886
31635 2224995
31650 2227105
31665 2229216
31680 2231328
31695 2233441
31710 2235555
31725 2237670
31740 2239786
31755 2241903
31770 2244021
31785 2246140
31800 2248260
31815 2250381
31830 2252503
31845 2254626
31860 2256750
31875 2258875
31890 2261001
31905 2263128
31920 2265256
31935 2267385
31950 2269515
31965 2271646
31980 2273778
31995 2275911
32010 2278045
32025 2280180
32040 2282316
32055 2284453
32070 2286591
32085 2288730
32100 2290870
32115 2293011
32130 2295153
32145 2297296
32160 2299440
32175 2301585
32190 2303731
32205 2305878
32220 2308026
32235 2310175
32250 2312325
32265 2314476
32280 2316628
32295 2318781
32310 2320935
32325 2323090
32340 2325246
32355 2327403
32370 2329561
32385 2331720
32400 2333880
32415 2336041
32430 2338203
32445 2340366
32460 2342530
32475 2344695
32490 2346861
32505 2349028
32520 2351196
32535 2353365
32550 2355535
32565 2357706
32580 2359878
32595 2362051
32610 2364225
32625 2366400
32640 2368576
32655 2370753
32670 2372931
32685 2375110
32700 2377290
32715 2379471
32730 2381653
32745 2383836
32760 2386020
32775 2388205
32790 2390391
32805 2392578
32820 2394766
32835 2396955
32850 2399145
32865 2401336
32880 2403528
32895 2405721
32910 2407915
32925 2410110
32940 2412306
32955 2414503
32970 2416701
32985 2418900
33000 2421100
33015 2423301
33030 2425503
33045 2427706
33060 2429910
33075 2432115
33090 2434321
33105 2436528
33120 2438736
33135 2440945
33150 2443155
33165 2445366
33180 2447578
33195 2449791
33210 2452005
33225 2454220
33240 2456436
33255 2458653
33270 2460871
33285 2463090
33300 2465310
33315 2467531
33330 2469753
33345 2471976
33360 2474200
33375 2476425
33390 2478651
33405 2480878
33420 2483106
33435 2485335
33450 2487565
33465 2489796
33480 2492028
33495 2494261
33510 2496495
33525 2498730
33540 2500966
33555 2503203
33570 2505441
33585 2507680
33600 2509920
33615 2512161
33630 2514403
33645 2516646
33660 2518890
33675 2521135
33690 2523381
33705 2525628
33720 2527876
33735 2530125
33750 2532375
33765 2534626
33780 2536878
33795 2539131
33810 2541385
33825 2543640
33840 2545896
33855 2548153
33870 2550411
33885 2552670
33900 2554930
33915 2557191
33930 2559453
33945 2561716
33960 2563980
33975 2566245
33990 2568511
34005 2570778
34020 2573046
34035 2575315
34050 2577585
34065 2579856
34080 2582128
34095 2584401
34110 2586675
34125 2588950
34140 2591226
34155 2593503
34170 2595781
34185 2598060
34200 2600340
34215 2602621
34230 2604903
34245 2607186
34260 2609470
34275 2611755
34290 2614041
34305 2616328
34320 2618616
34335 2620905
34350 2623195
34365 2625486
34380 2627778
34395 2630071
34410 2632365
34425 2634660
34440 2636956
34455 2639253
34470 2641551
34485 2643850
34500 2646150
34515 2648451
34530 2650753
34545 2653056
34560 2655360
34575 2657665
34590 2659971
34605 2662278
34620 2664586
34635 2666895
34650 2669205
34665 2671516
34680 2673828
34695 2676141
34710 2678455
34725 2680770
34740 2683086
34755 2685403
34770 2687721
34785 2690040
34800 2692360
34815 2694681
34830 2697003
34845 2699326
34860 2701650
34875 2703975
34890 2706301
34905 2708628
34920 2710956
34935 2713285
34950 2715615
34965 2717946
34980 2720278
34995 2722611
35010 2724945
35025 2727280
35040 2729616
35055 2731953
35070 2734291
35085 2736630
35100 2738970
35115 2741311
35130 2743653
35145 2745996
35160 2748340
35175 2750685
35190 2753031
35205 2755378
35220 2757726
35235 2760075
35250 2762425
35265 2764776
35280 2767128
35295 2769481
35310 2771835
35325 2774190
35340 2776546
35355 2778903
35370 2781261
35385 2783620
35400 2785980
35415 2788341
35430 2790703
35445 2793066
35460 2795430
35475 2797795
35490 2800161
35505 2802528
35520 2804896
35535 2807265
35550 2809635
35565 2812006
35580 2814378
35595 2816751
35610 2819125
35625 2821500
35640 2823876
35655 2826253
35670 2828631
35685 2831010
35700 2833390
35715 2835771
35730 2838153
35745 2840536
35760 2842920
35775 2845305
35790 2847691
35805 2850078
35820 2852466
35835 2854855
35850 2857245
35865 2859636
35880 2862028
35895 2864421
35910 2866815
35925 2869210
35940 2871606
35955 2874003
35970 2876401
35985 2878800
36000 2881200
36015 2883601
36030 2886003
36045 2888406
36060 2890810
36075 2893215
36090 2895621
36105 2898028
36120 2900436
36135 2902845
36150 2905255
36165 2907666
36180 2910078
36195 2912491
36210 2914905
36225 2917320
36240 2919736
36255 2922153
36270 2924571
36285 2926990
36300 2929410
36315 2931831
36330 2934253
36345 2936676
36360 2939100
36375 2941525
36390 2943951
36405 2946378
36420 2948806
36435 2951235
36450 2953665
36465 2956096
36480 2958528
36495 2960961
36510 2963395
36525 2965830
36540 2968266
36555 2970703
36570 2973141
36585 2975580
36600 2978020
36615 2980461
36630 2982903
36645 2985346
36660 2987790
36675 2990235
36690 2992681
36705 2995128
36720 2997576
36735 3000025
36750 3002475
36765 3004926
36780 3007378
36795 3009831
36810 3012285
36825 3014740
36840 3017196
36855 3019653
36870 3022111
36885 3024570
36900 3027030
36915 3029491
36930 3031953
36945 3034416
36960 3036880
36975 3039345
36990 3041811
37005 3044278
37020 3046746
37035 3049215
37050 3051685
37065 3054156
37080 3056628
37095 3059101
37110 3061575
37125 3064050
37140 3066526
37155 3069003
37170 3071481
37185 3073960
37200 3076440
37215 3078921
37230 3081403
37245 3083886
37260 3086370
37275 3088855
37290 3091341
37305 3093828
37320 3096316
37335 3098805
37350 3101295
37365 3103786
37380 3106278
37395 3108771
37410 3111265
37425 3113760
37440 3116256
37455 3118753
37470 3121251
37485 3123750
37500 3121251
37515 3118753
37530 3116256
37545 3113760
37560 3111265
37575 3108771
37590 3106278
37605 3103786
37620 3101295
37635 3098805
37650 3096316
37665 3093828
37680 3091341
37695 3088855
37710 3086370
37725 3083886
37740 3081403
37755 3078921
37770 3076440
37785 3073960
37800 3071481
37815 3069003
37830 3066526
37845 3064050
37860 3061575
37875 3059101
37890 3056628
37905 3054156
37920 3051685
37935 3049215
37950 3046746
37965 3044278
37980 3041811
37995 3039345
38010 3036880
38025 3034416
38040 3031953
38055 3029491
38070 3027030
38085 3024570
38100 3022111
38115 3019653
38130 3017196
38145 3014740
38160 3012285
38175 3009831
38190 3007378
38205 3004926
38220 3002475
38235 3000025
38250 2997576
38265 2995128
38280 2992681
38295 2990235
38310 2987790
38325 2985346
38340 2982903
38355 2980461
38370 2978020
38385 2975580
38400 2973141
38415 2970703
38430 2968266
38445 2965830
38460 2963395
38475 2960961
38490 2958528
38505 2956096
38520 2953665
38535 2951235
38550 2948806
38565 2946378
38580 2943951
38595 2941525
38610 2939100
38625 2936676
38640 2934253
38655 2931831
38670 2929410
38685 2926990
38700 2924571
38715 2922153
38730 2919736
38745 2917320
38760 2914905
38775 2912491
38790 2910078
38805 2907666
38820 2905255
38835 2902845
38850 2900436
38865 2898028
38880 2895621
38895 2893215
38910 2890810
38925 2888406
38940 2886003
38955 2883601
38970 2881200
38985 2878800
39000 2876401
39015 2874003
39030 2871606
39045 2869210
39060 2866815
39075 2864421
39090 2862028
39105 2859636
39120 2857245
39135 2854855
39150 2852466
39165 2850078
39180 2847691
39195 2845305
39210 2842920
39225 2840536
39240 2838153
39255 2835771
39270 2833390
39285 2831010
39300 2828631
39315 2826253
39330 2823876
39345 2821500
39360 2819125
39375 2816751
39390 2814378
39405 2812006
39420 2809635
39435 2807265
39450 2804896
39465 2802528
39480 2800161
39495 2797795
39510 2795430
39525 2793066
39540 2790703
39555 2788341
39570 2785980
39585 2783620
39600 2781261
39615 2778903
39630 2776546
39645 2774190
39660 2771835
39675 2769481
39690 2767128
39705 2764776
39720 2762425
39735 2760075
39750 2757726
39765 2755378
39780 2753031
39795 2750685
39810 2748340
39825 2745996
39840 2743653
39855 2741311
39870 2738970
39885 2736630
39900 2734291
39915 2731953
39930 2729616
39945 2727280
39960 2724945
39975 2722611
39990 2720278
40005 2717946
40020 2715615
40035 2713285
40050 2710956
40065 2708628
40080 2706301
40095 2703975
40110 2701650
40125 2699326
40140 2697003
40155 2694681
40170 2692360
40185 2690040
40200 2687721
40215 2685403
40230 2683086
40245 2680770
40260 2678455
40275 2676141
40290 2673828
40305 2671516
40320 2669205
40335 2666895
40350 2664586
40365 2662278
40380 2659971
40395 2657665
40410 2655360
40425 2653056
40440 2650753
40455 2648451
40470 2646150
40485 2643850
40500 2641551
40515 2639253
40530 2636956
40545 2634660
40560 2632365
40575 2630071
40590 2627778
40605 2625486
40620 2623195
40635 2620905
40650 2618616
40665 2616328
40680 2614041
40695 2611755
40710 2609470
40725 2607186
40740 2604903
40755 2602621
40770 2600340
40785 2598060
40800 2595781
40815 2593503
40830 2591226
40845 2588950
40860 2586675
40875 2584401
40890 2582128
40905 2579856
40920 2577585
40935 2575315
40950 2573046
40965 2570778
40980 2568511
40995 2566245
41010 2563980
41025 2561716
41040 2559453
41055 2557191
41070 2554930
41085 2552670
41100 2550411
41115 2548153
41130 2545896
41145 2543640
41160 2541385
41175 2539131
41190 2536878
41205 2534626
41220 2532375
41235 2530125
41250 2527876
41265 2525628
41280 2523381
41295 2521135
41310 2518890
41325 2516646
41340 2514403
41355 2512161
41370 2509920
41385 2507680
41400 2505441
41415 2503203
41430 2500966
41445 2498730
41460 2496495
41475 2494261
41490 2492028
41505 2489796
41520 2487565
41535 2485335
41550 2483106
41565 2480878
41580 2478651
41595 2476425
41610 2474200
41625 2471976
41640 2469753
41655 2467531
41670 2465310
41685 2463090
41700 2460871
41715 2458653
41730 2456436
41745 2454220
41760 2452005
41775 2449791
41790 2447578
41805 2445366
41820 2443155
41835 2440945
41850 2438736
41865 2436528
41880 2434321
41895 2432115
41910 2429910
41925 2427706
41940 2425503
41955 2423301
41970 2421100
41985 2418900
42000 2416701
42015 2414503
42030 2412306
42045 2410110
42060 2407915
42075 2405721
42090 2403528
42105 2401336
42120 2399145
42135 2396955
42150 2394766
42165 2392578
42180 2390391
42195 2388205
42210 2386020
42225 2383836
42240 2381653
42255 2379471
42270 2377290
42285 2375110
42300 2372931
42315 2370753
42330 2368576
42345 2366400
42360 2364225
42375 2362051
42390 2359878
42405 2357706
42420 2355535
42435 2353365
42450 2351196
42465 2349028
42480 2346861
42495 2344695
42510 2342530
42525 2340366
42540 2338203
42555 2336041
42570 2333880
42585 2331720
42600 2329561
42615 2327403
42630 2325246
42645 2323090
42660 2320935
42675 2318781
42690 2316628
42705 2314476
42720 2312325
42735 2310175
42750 2308026
42765 2305878
42780 2303731
42795 2301585
42810 2299440
42825 2297296
42840 2295153
42855 2293011
42870 2290870
42885 2288730
42900 2286591
42915 2284453
42930 2282316
42945 2280180
42960 2278045
42975 2275911
42990 2273778
43005 2271646
43020 2269515
43035 2267385
43050 2265256
43065 2263128
43080 2261001
43095 2258875
43110 2256750
43125 2254626
43140 2252503
43155 2250381
43170 2248260
43185 2246140
43200 2244021
43215 2241903
43230 2239786
43245 2237670
43260 2235555
43275 2233441
43290 2231328
43305 2229216
43320 2227105
43335 2224995
43350 2222886
43365 2220778
43380 2218671
43395 2216565
43410 2214460
43425 2212356
43440 2210253
43455 2208151
43470 2206050
43485 2203950
43500 2201851
43515 2199753
43530 2197656
43545 2195560
43560 2193465
43575 2191371
43590 2189278
43605 2187186
43620 2185095
43635 2183005
43650 2180916
43665 2178828
43680 2176741
43695 2174655
43710 2172570
43725 2170486
43740 2168403
43755 2166321
43770 2164240
43785 2162160
43800 2160081
43815 2158003
43830 2155926
43845 2153850
43860 2151775
43875 2149701
43890 2147628
43905 2145556
43920 2143485
43935 2141415
43950 2139346
43965 2137278
43980 2135211
43995 2133145
44010 2131080
44025 2129016
44040 2126953
44055 2124891
44070 2122830
44085 2120770
44100 2118711
44115 2116653
44130 2114596
44145 2112540
44160 2110485
44175 2108431
44190 2106378
44205 2104326
44220 2102275
44235 2100225
44250 2098176
44265 2096128
44280 2094081
44295 2092035
44310 2089990
44325 2087946
44340 2085903
44355 2083861
44370 2081820
44385 2079780
44400 2077741
44415 2075703
44430 2073666
44445 2071630
44460 2069595
44475 2067561
44490 2065528
44505 2063496
44520 2061465
44535 2059435
44550 2057406
44565 2055378
44580 2053351
44595 2051325
44610 2049300
44625 2047276
44640 2045253
44655 2043231
44670 2041210
44685 2039190
44700 2037171
44715 2035153
44730 2033136
44745 2031120
44760 2029105
44775 2027091
44790 2025078
44805 2023066
44820 2021055
44835 2019045
44850 2017036
44865 2015028
44880 2013021
44895 2011015
44910 2009010
44925 2007006
44940 2005003
44955 2003001
44970 2001000
44985 1999000
45000 1997001
45015 1995003
45030 1993006
45045 1991010
45060 1989015
45075 1987021
45090 1985028
45105 1983036
45120 1981045
45135 1979055
45150 1977066
45165 1975078
45180 1973091
45195 1971105
45210 1969120
45225 1967136
45240 1965153
45255 1963171
45270 1961190
45285 1959210
45300 1957231
45315 1955253
45330 1953276
45345 1951300
45360 1949325
45375 1947351
45390 1945378
45405 1943406
45420 1941435
45435 1939465
45450 1937496
45465 1935528
45480 1933561
45495 1931595
45510 1929630
45525 1927666
45540 1925703
45555 1923741
45570 1921780
45585 1919820
45600 1917861
45615 1915903
45630 1913946
45645 1911990
45660 1910035
45675 1908081
45690 1906128
45705 1904176
45720 1902225
45735 1900275
45750 1898326
45765 1896378
45780 1894431
45795 1892485
45810 1890540
45825 1888596
45840 1886653
45855 1884711
45870 1882770
45885 1880830
45900 1878891
45915 1876953
45930 1875016
45945 1873080
45960 1871145
45975 1869211
45990 1867278
46005 1865346
46020 1863415
46035 1861485
46050 1859556
46065 1857628
46080 1855701
46095 1853775
46110 1851850
46125 1849926
46140 1848003
46155 1846081
46170 1844160
46185 1842240
46200 1840321
46215 1838403
46230 1836486
46245 1834570
46260 1832655
46275 1830741
46290 1828828
46305 1826916
46320 1825005
46335 1823095
46350 1821186
46365 1819278
46380 1817371
46395 1815465
46410 1813560
46425 1811656
46440 1809753
46455 1807851
46470 1805950
46485 1804050
46500 1802151
46515 1800253
46530 1798356
46545 1796460
46560 1794565
46575 1792671
46590 1790778
46605 1788886
46620 1786995
46635 1785105
46650 1783216
46665 1781328
46680 1779441
46695 1777555
46710 1775670
46725 1773786
46740 1771903
46755 1770021
46770 1768140
46785 1766260
46800 1764381
46815 1762503
46830 1760626
46845 1758750
46860 1756875
46875 1755001
46890 1753128
46905 1751256
46920 1749385
46935 1747515
46950 1745646
46965 1743778
46980 1741911
46995 1740045
47010 1738180
47025 1736316
47040 1734453
47055 1732591
47070 1730730
47085 1728870
47100 1727011
47115 1725153
47130 1723296
47145 1721440
47160 1719585
47175 1717731
47190 1715878
47205 1714026
47220 1712175
47235 1710325
47250 1708476
47265 1706628
47280 1704781
47295 1702935
47310 1701090
47325 1699246
47340 1697403
47355 1695561
47370 1693720
47385 1691880
47400 1690041
47415 1688203
47430 1686366
47445 1684530
47460 1682695
47475 1680861
47490 1679028
47505 1677196
47520 1675365
47535 1673535
47550 1671706
47565 1669878
47580 1668051
47595 1666225
47610 1664400
47625 1662576
47640 1660753
47655 1658931
47670 1657110
47685 1655290
47700 1653471
47715 1651653
47730 1649836
47745 1648020
47760 1646205
47775 1644391
47790 1642578
47805 1640766
47820 1638955
47835 1637145
47850 1635336
47865 1633528
47880 1631721
47895 1629915
47910 1628110
47925 1626306
47940 1624503
47955 1622701
47970 1620900
47985 1619100
48000 1617301
48015 1615503
48030 1613706
48045 1611910
48060 1610115
48075 1608321
48090 1606528
48105 1604736
48120 1602945
48135 1601155
48150 1599366
48165 1597578
48180 1595791
48195 1594005
48210 1592220
48225 1590436
48240 1588653
48255 1586871
48270 1585090
48285 1583310
48300 1581531
48315 1579753
48330 1577976
48345 1576200
48360 1574425
48375 1572651
48390 1570878
48405 1569106
48420 1567335
48435 1565565
48450 1563796
48465 1562028
48480 1560261
48495 1558495
48510 1556730
48525 1554966
48540 1553203
48555 1551441
48570 1549680
48585 1547920
48600 1546161
48615 1544403
48630 1542646
48645 1540890
48660 1539135
48675 1537381
48690 1535628
48705 1533876
48720 1532125
48735 1530375
48750 1528626
48765 1526878
48780 1525131
48795 1523385
48810 1521640
48825 1519896
48840 1518153
48855 1516411
48870 1514670
48885 1512930
48900 1511191
48915 1509453
48930 1507716
48945 1505980
48960 1504245
48975 1502511
48990 1500778
49005 1499046
49020 1497315
49035 1495585
49050 1493856
49065 1492128
49080 1490401
49095 1488675
49110 1486950
49125 1485226
49140 1483503
49155 1481781
49170 1480060
49185 1478340
49200 1476621
49215 1474903
49230 1473186
49245 1471470
49260 1469755
49275 1468041
49290 1466328
49305 1464616
49320 1462905
49335 1461195
49350 1459486
49365 1457778
49380 1456071
49395 1454365
49410 1452660
49425 1450956
49440 1449253
49455 1447551
49470 1445850
49485 1444150
49500 1442451
49515 1440753
49530 1439056
49545 1437360
49560 1435665
49575 1433971
49590 1432278
49605 1430586
49620 1428895
49635 1427205
49650 1425516
49665 1423828
49680 1422141
49695 1420455
49710 1418770
49725 1417086
49740 1415403
49755 1413721
49770 1412040
49785 1410360
49800 1408681
49815 1407003
49830 1405326
49845 1403650
49860 1401975
49875 1400301
49890 1398628
49905 1396956
49920 1395285
49935 1393615
49950 1391946
49965 1390278
49980 1388611
49995 1386945
50010 1385280
50025 1383616
50040 1381953
50055 1380291
50070 1378630
50085 1376970
50100 1375311
50115 1373653
50130 1371996
50145 1370340
50160 1368685
50175 1367031
50190 1365378
50205 1363726
50220 1362075
50235 1360425
50250 1358776
50265 1357128
50280 1355481
50295 1353835
50310 1352190
50325 1350546
50340 1348903
50355 1347261
50370 1345620
50385 1343980
50400 1342341
50415 1340703
50430 1339066
50445 1337430
50460 1335795
50475 1334161
50490 1332528
50505 1330896
50520 1329265
50535 1327635
50550 1326006
50565 1324378
50580 1322751
50595 1321125
50610 1319500
50625 1317876
50640 1316253
50655 1314631
50670 1313010
50685 1311390
50700 1309771
50715 1308153
50730 1306536
50745 1304920
50760 1303305
50775 1301691
50790 1300078
50805 1298466
50820 1296855
50835 1295245
50850 1293636
50865 1292028
50880 1290421
50895 1288815
50910 1287210
50925 1285606
50940 1284003
50955 1282401
50970 1280800
50985 1279200
51000 1277601
51015 1276003
51030 1274406
51045 1272810
51060 1271215
51075 1269621
51090 1268028
51105 1266436
51120 1264845
51135 1263255
51150 1261666
51165 1260078
51180 1258491
51195 1256905
51210 1255320
51225 1253736
51240 1252153
51255 1250571
51270 1248990
51285 1247410
51300 1245831
51315 1244253
51330 1242676
51345 1241100
51360 1239525
51375 1237951
51390 1236378
51405 1234806
51420 1233235
51435 1231665
51450 1230096
51465 1228528
51480 1226961
51495 1225395
51510 1223830
51525 1222266
51540 1220703
51555 1219141
51570 1217580
51585 1216020
51600 1214461
51615 1212903
51630 1211346
51645 1209790
51660 1208235
51675 1206681
51690 1205128
51705 1203576
51720 1202025
51735 1200475
51750 1198926
51765 1197378
51780 1195831
51795 1194285
51810 1192740
51825 1191196
51840 1189653
51855 1188111
51870 1186570
51885 1185030
51900 1183491
51915 1181953
51930 1180416
51945 1178880
51960 1177345
51975 1175811
51990 1174278
52005 1172746
52020 1171215
52035 1169685
52050 1168156
52065 1166628
52080 1165101
52095 1163575
52110 1162050
52125 1160526
52140 1159003
52155 1157481
52170 1155960
52185 1154440
52200 1152921
52215 1151403
52230 1149886
52245 1148370
52260 1146855
52275 1145341
52290 1143828
52305 1142316
52320 1140805
52335 1139295
52350 1137786
52365 1136278
52380 1134771
52395 1133265
52410 1131760
52425 1130256
52440 1128753
52455 1127251
52470 1125750
52485 1124250
52500 1122751
52515 1121253
52530 1119756
52545 1118260
52560 1116765
52575 1115271
52590 1113778
52605 1112286
52620 1110795
52635 1109305
52650 1107816
52665 1106328
52680 1104841
52695 1103355
52710 1101870
52725 1100386
52740 1098903
52755 1097421
52770 1095940
52785 1094460
52800 1092981
52815 1091503
52830 1090026
52845 1088550
52860 1087075
52875 1085601
52890 1084128
52905 1082656
52920 1081185
52935 1079715
52950 1078246
52965 1076778
52980 1075311
52995 1073845
53010 1072380
53025 1070916
53040 1069453
53055 1067991
53070 1066530
53085 1065070
53100 1063611
53115 1062153
53130 1060696
53145 1059240
53160 1057785
53175 1056331
53190 1054878
53205 1053426
53220 1051975
53235 1050525
53250 1049076
53265 1047628
53280 1046181
53295 1044735
53310 1043290
53325 1041846
53340 1040403
53355 1038961
53370 1037520
53385 1036080
53400 1034641
53415 1033203
53430 1031766
53445 1030330
53460 1028895
53475 1027461
53490 1026028
53505 1024596
53520 1023165
53535 1021735
53550 1020306
53565 1018878
53580 1017451
53595 1016025
53610 1014600
53625 1013176
53640 1011753
53655 1010331
53670 1008910
53685 1007490
53700 1006071
53715 1004653
53730 1003236
53745 1001820
53760 1000405
53775 998991
53790 997578
53805 996166
53820 994755
53835 993345
53850 991936
53865 990528
53880 989121
53895 987715
53910 986310
53925 984906
53940 983503
53955 982101
53970 980700
53985 979300
54000 977901
54015 976503
54030 975106
54045 973710
54060 972315
54075 970921
54090 969528
54105 968136
54120 966745
54135 965355
54150 963966
54165 962578
54180 961191
54195 959805
54210 958420
54225 957036
54240 955653
54255 954271
54270 952890
54285 951510
54300 950131
54315 948753
54330 947376
54345 946000
54360 944625
54375 943251
54390 941878
54405 940506
54420 939135
54435 937765
54450 936396
54465 935028
54480 933661
54495 932295
54510 930930
54525 929566
54540 928203
54555 926841
54570 925480
54585 924120
54600 922761
54615 921403
54630 920046
54645 918690
54660 917335
54675 915981
54690 914628
54705 913276
54720 911925
54735 910575
54750 909226
54765 907878
54780 906531
54795 905185
54810 903840
54825 902496
54840 901153
54855 899811
54870 898470
54885 897130
54900 895791
54915 894453
54930 893116
54945 891780
54960 890445
54975 889111
54990 887778
55005 886446
55020 885115
55035 883785
55050 882456
55065 881128
55080 879801
55095 878475
55110 877150
55125 875826
55140 874503
55155 873181
55170 871860
55185 870540
55200 869221
55215 867903
55230 866586
55245 865270
55260 863955
55275 862641
55290 861328
55305 860016
55320 858705
55335 857395
55350 856086
55365 854778
55380 853471
55395 852165
55410 850860
55425 849556
55440 848253
55455 846951
55470 845650
55485 844350
55500 843051
55515 841753
55530 840456
55545 839160
55560 837865
55575 836571
55590 835278
55605 833986
55620 832695
55635 831405
55650 830116
55665 828828
55680 827541
55695 826255
55710 824970
55725 823686
55740 822403
55755 821121
55770 819840
55785 818560
55800 817281
55815 816003
55830 814726
55845 813450
55860 812175
55875 810901
55890 809628
55905 808356
55920 807085
55935 805815
55950 804546
55965 803278
55980 802011
55995 800745
56010 799480
56025 798216
56040 796953
56055 795691
56070 794430
56085 793170
56100 791911
56115 790653
56130 789396
56145 788140
56160 786885
56175 785631
56190 784378
56205 783126
56220 781875
56235 780625
56250 779376
56265 778128
56280 776881
56295 775635
56310 774390
56325 773146
56340 771903
56355 770661
56370 769420
56385 768180
56400 766941
56415 765703
56430 764466
56445 763230
56460 761995
56475 760761
56490 759528
56505 758296
56520 757065
56535 755835
56550 754606
56565 753378
56580 752151
56595 750925
56610 749700
56625 748476
56640 747253
56655 746031
56670 744810
56685 743590
56700 742371
56715 741153
56730 739936
56745 738720
56760 737505
56775 736291
56790 735078
56805 733866
56820 732655
56835 731445
56850 730236
56865 729028
56880 727821
56895 726615
56910 725410
56925 724206
56940 723003
56955 721801
56970 720600
56985 719400
57000 718201
57015 717003
57030 715806
57045 714610
57060 713415
57075 712221
57090 711028
57105 709836
57120 708645
57135 707455
57150 706266
57165 705078
57180 703891
57195 702705
57210 701520
57225 700336
57240 699153
57255 697971
57270 696790
57285 695610
57300 694431
57315 693253
57330 692076
57345 690900
57360 689725
57375 688551
57390 687378
57405 686206
57420 685035
57435 683865
57450 682696
57465 681528
57480 680361
57495 679195
57510 678030
57525 676866
57540 675703
57555 674541
57570 673380
57585 672220
57600 671061
57615 669903
57630 668746
57645 667590
57660 666435
57675 665281
57690 664128
57705 662976
57720 661825
57735 660675
57750 659526
57765 658378
57780 657231
57795 656085
57810 654940
57825 653796
57840 652653
57855 651511
57870 650370
57885 649230
57900 648091
57915 646953
57930 645816
57945 644680
57960 643545
57975 642411
57990 641278
58005 640146
58020 639015
58035 637885
58050 636756
58065 635628
58080 634501
58095 633375
58110 632250
58125 631126
58140 630003
58155 628881
58170 627760
58185 626640
58200 625521
58215 624403
58230 623286
58245 622170
58260 621055
58275 619941
58290 618828
58305 617716
58320 616605
58335 615495
58350 614386
58365 613278
58380 612171
58395 611065
58410 609960
58425 608856
58440 607753
58455 606651
58470 605550
58485 604450
58500 603351
58515 602253
58530 601156
58545 600060
58560 598965
58575 597871
58590 596778
58605 595686
58620 594595
58635 593505
58650 592416
58665 591328
58680 590241
58695 589155
58710 588070
58725 586986
58740 585903
58755 584821
58770 583740
58785 582660
58800 581581
58815 580503
58830 579426
58845 578350
58860 577275
58875 576201
58890 575128
58905 574056
58920 572985
58935 571915
58950 570846
58965 569778
58980 568711
58995 567645
59010 566580
59025 565516
59040 564453
59055 563391
59070 562330
59085 561270
59100 560211
59115 559153
59130 558096
59145 557040
59160 555985
59175 554931
59190 553878
59205 552826
59220 551775
59235 550725
59250 549676
59265 548628
59280 547581
59295 546535
59310 545490
59325 544446
59340 543403
59355 542361
59370 541320
59385 540280
59400 539241
59415 538203
59430 537166
59445 536130
59460 535095
59475 534061
59490 533028
59505 531996
59520 530965
59535 529935
59550 528906
59565 527878
59580 526851
59595 525825
59610 524800
59625 523776
59640 522753
59655 521731
59670 520710
59685 519690
59700 518671
59715 517653
59730 516636
59745 515620
59760 514605
59775 513591
59790 512578
59805 511566
59820 510555
59835 509545
59850 508536
59865 507528
59880 506521
59895 505515
59910 504510
59925 503506
59940 502503
59955 501501
59970 500500
59985 499500
60000 498501
60015 497503
60030 496506
60045 495510
60060 494515
60075 493521
60090 492528
60105 491536
60120 490545
60135 489555
60150 488566
60165 487578
60180 486591
60195 485605
60210 484620
60225 483636
60240 482653
60255 481671
60270 480690
60285 479710
60300 478731
60315 477753
60330 476776
60345 475800
60360 474825
60375 473851
60390 472878
60405 471906
60420 470935
60435 469965
60450 468996
60465 468028
60480 467061
60495 466095
60510 465130
60525 464166
60540 463203
60555 462241
60570 461280
60585 460320
60600 459361
60615 458403
60630 457446
60645 456490
60660 455535
60675 454581
60690 453628
60705 452676
60720 451725
60735 450775
60750 449826
60765 448878
60780 447931
60795 446985
60810 446040
60825 445096
60840 444153
60855 443211
60870 442270
60885 441330
60900 440391
60915 439453
60930 438516
60945 437580
60960 436645
60975 435711
60990 434778
61005 433846
61020 432915
61035 431985
61050 431056
61065 430128
61080 429201
61095 428275
61110 427350
61125 426426
61140 425503
61155 424581
61170 423660
61185 422740
61200 421821
61215 420903
61230 419986
61245 419070
61260 418155
61275 417241
61290 416328
61305 415416
61320 414505
61335 413595
61350 412686
61365 411778
61380 410871
61395 409965
61410 409060
61425 408156
61440 407253
61455 406351
61470 405450
61485 404550
61500 403651
61515 402753
61530 401856
61545 400960
61560 400065
61575 399171
61590 398278
61605 397386
61620 396495
61635 395605
61650 394716
61665 393828
61680 392941
61695 392055
61710 391170
61725 390286
61740 389403
61755 388521
61770 387640
61785 386760
61800 385881
61815 385003
61830 384126
61845 383250
61860 382375
61875 381501
61890 380628
61905 379756
61920 378885
61935 378015
61950 377146
61965 376278
61980 375411
61995 374545
62010 373680
62025 372816
62040 371953
62055 371091
62070 370230
62085 369370
62100 368511
62115 367653
62130 366796
62145 365940
62160 365085
62175 364231
62190 363378
62205 362526
62220 361675
62235 360825
62250 359976
62265 359128
62280 358281
62295 357435
62310 356590
62325 355746
62340 354903
62355 354061
62370 353220
62385 352380
62400 351541
62415 350703
62430 349866
62445 349030
62460 348195
62475 347361
62490 346528
62505 345696
62520 344865
62535 344035
62550 343206
62565 342378
62580 341551
62595 340725
62610 339900
62625 339076
62640 338253
62655 337431
62670 336610
62685 335790
62700 334971
62715 334153
62730 333336
62745 332520
62760 331705
62775 330891
62790 330078
62805 329266
62820 328455
62835 327645
62850 326836
62865 326028
62880 325221
62895 324415
62910 323610
62925 322806
62940 322003
62955 321201
62970 320400
62985 319600
63000 318801
63015 318003
63030 317206
63045 316410
63060 315615
63075 314821
63090 314028
63105 313236
63120 312445
63135 311655
63150 310866
63165 310078
63180 309291
63195 308505
63210 307720
63225 306936
63240 306153
63255 305371
63270 304590
63285 303810
63300 303031
63315 302253
63330 301476
63345 300700
63360 299925
63375 299151
63390 298378
63405 297606
63420 296835
63435 296065
63450 295296
63465 294528
63480 293761
63495 292995
63510 292230
63525 291466
63540 290703
63555 289941
63570 289180
63585 288420
63600 287661
63615 286903
63630 286146
63645 285390
63660 284635
63675 283881
63690 283128
63705 282376
63720 281625
63735 280875
63750 280126
63765 279378
63780 278631
63795 277885
63810 277140
63825 276396
63840 275653
63855 274911
63870 274170
63885 273430
63900 272691
63915 271953
63930 271216
63945 270480
63960 269745
63975 269011
63990 268278
64005 267546
64020 266815
64035 266085
64050 265356
64065 264628
64080 263901
64095 263175
64110 262450
64125 261726
64140 261003
64155 260281
64170 259560
64185 258840
64200 258121
64215 257403
64230 256686
64245 255970
64260 255255
64275 254541
64290 253828
64305 253116
64320 252405
64335 251695
64350 250986
64365 250278
64380 249571
64395 248865
64410 248160
64425 247456
64440 246753
64455 246051
64470 245350
64485 244650
64500 243951
64515 243253
64530 242556
64545 241860
64560 241165
64575 240471
64590 239778
64605 239086
64620 238395
64635 237705
64650 237016
64665 236328
64680 235641
64695 234955
64710 234270
64725 233586
64740 232903
64755 232221
64770 231540
64785 230860
64800 230181
64815 229503
64830 228826
64845 228150
64860 227475
64875 226801
64890 226128
64905 225456
64920 224785
64935 224115
64950 223446
64965 222778
64980 222111
64995 221445
65010 220780
65025 220116
65040 219453
65055 218791
65070 218130
65085 217470
65100 216811
65115 216153
65130 215496
65145 214840
65160 214185
65175 213531
65190 212878
65205 212226
65220 211575
65235 210925
65250 210276
65265 209628
65280 208981
65295 208335
65310 207690
65325 207046
65340 206403
65355 205761
65370 205120
65385 204480
65400 203841
65415 203203
65430 202566
65445 201930
65460 201295
65475 200661
65490 200028
65505 199396
65520 198765
65535 198135
65550 197506
65565 196878
65580 196251
65595 195625
65610 195000
65625 194376
65640 193753
65655 193131
65670 192510
65685 191890
65700 191271
65715 190653
65730 190036
65745 189420
65760 188805
65775 188191
65790 187578
65805 186966
65820 186355
65835 185745
65850 185136
65865 184528
65880 183921
65895 183315
65910 182710
65925 182106
65940 181503
65955 180901
65970 180300
65985 179700
66000 179101
66015 178503
66030 177906
66045 177310
66060 176715
66075 176121
66090 175528
66105 174936
66120 174345
66135 173755
66150 173166
66165 172578
66180 171991
66195 171405
66210 170820
66225 170236
66240 169653
66255 169071
66270 168490
66285 167910
66300 167331
66315 166753
66330 166176
66345 165600
66360 165025
66375 164451
66390 163878
66405 163306
66420 162735
66435 162165
66450 161596
66465 161028
66480 160461
66495 159895
66510 159330
66525 158766
66540 158203
66555 157641
66570 157080
66585 156520
66600 155961
66615 155403
66630 154846
66645 154290
66660 153735
66675 153181
66690 152628
66705 152076
66720 151525
66735 150975
66750 150426
66765 149878
66780 149331
66795 148785
66810 148240
66825 147696
66840 147153
66855 146611
66870 146070
66885 145530
66900 144991
66915 144453
66930 143916
66945 143380
66960 142845
66975 142311
66990 141778
67005 141246
67020 140715
67035 140185
67050 139656
67065 139128
67080 138601
67095 138075
67110 137550
67125 137026
67140 136503
67155 135981
67170 135460
67185 134940
67200 134421
67215 133903
67230 133386
67245 132870
67260 132355
67275 131841
67290 131328
67305 130816
67320 130305
67335 129795
67350 129286
67365 128778
67380 128271
67395 127765
67410 127260
67425 126756
67440 126253
67455 125751
67470 125250
67485 124750
67500 124251
67515 123753
67530 123256
67545 122760
67560 122265
67575 121771
67590 121278
67605 120786
67620 120295
67635 119805
67650 119316
67665 118828
67680 118341
67695 117855
67710 117370
67725 116886
67740 116403
67755 115921
67770 115440
67785 114960
67800 114481
67815 114003
67830 113526
67845 113050
67860 112575
67875 112101
67890 111628
67905 111156
67920 110685
67935 110215
67950 109746
67965 109278
67980 108811
67995 108345
68010 107880
68025 107416
68040 106953
68055 106491
68070 106030
68085 105570
68100 105111
68115 104653
68130 104196
68145 103740
68160 103285
68175 102831
68190 102378
68205 101926
68220 101475
68235 101025
68250 100576
68265 100128
68280 99681
68295 99235
68310 98790
68325 98346
68340 97903
68355 97461
68370 97020
68385 96580
68400 96141
68415 95703
68430 95266
68445 94830
68460 94395
68475 93961
68490 93528
68505 93096
68520 92665
68535 92235
68550 91806
68565 91378
68580 90951
68595 90525
68610 90100
68625 89676
68640 89253
68655 88831
68670 88410
68685 87990
68700 87571
68715 87153
68730 86736
68745 86320
68760 85905
68775 85491
68790 85078
68805 84666
68820 84255
68835 83845
68850 83436
68865 83028
68880 82621
68895 82215
68910 81810
68925 81406
68940 81003
68955 80601
68970 80200
68985 79800
69000 79401
69015 79003
69030 78606
69045 78210
69060 77815
69075 77421
69090 77028
69105 76636
69120 76245
69135 75855
69150 75466
69165 75078
69180 74691
69195 74305
69210 73920
69225 73536
69240 73153
69255 72771
69270 72390
69285 72010
69300 71631
69315 71253
69330 70876
69345 70500
69360 70125
69375 69751
69390 69378
69405 69006
69420 68635
69435 68265
69450 67896
69465 67528
69480 67161
69495 66795
69510 66430
69525 66066
69540 65703
69555 65341
69570 64980
69585 64620
69600 64261
69615 63903
69630 63546
69645 63190
69660 62835
69675 62481
69690 62128
69705 61776
69720 61425
69735 61075
69750 60726
69765 60378
69780 60031
69795 59685
69810 59340
69825 58996
69840 58653
69855 58311
69870 57970
69885 57630
69900 57291
69915 56953
69930 56616
69945 56280
69960 55945
69975 55611
69990 55278
70005 54946
70020 54615
70035 54285
70050 53956
70065 53628
70080 53301
70095 52975
70110 52650
70125 52326
70140 52003
70155 51681
70170 51360
70185 51040
70200 50721
70215 50403
70230 50086
70245 49770
70260 49455
70275 49141
70290 48828
70305 48516
70320 48205
70335 47895
70350 47586
70365 47278
70380 46971
70395 46665
70410 46360
70425 46056
70440 45753
70455 45451
70470 45150
70485 44850
70500 44551
70515 44253
70530 43956
70545 43660
70560 43365
70575 43071
70590 42778
70605 42486
70620 42195
70635 41905
70650 41616
70665 41328
70680 41041
70695 40755
70710 40470
70725 40186
70740 39903
70755 39621
70770 39340
70785 39060
70800 38781
70815 38503
70830 38226
70845 37950
70860 37675
70875 37401
70890 37128
70905 36856
70920 36585
70935 36315
70950 36046
70965 35778
70980 35511
70995 35245
71010 34980
71025 34716
71040 34453
71055 34191
71070 33930
71085 33670
71100 33411
71115 33153
71130 32896
71145 32640
71160 32385
71175 32131
71190 31878
71205 31626
71220 31375
71235 31125
71250 30876
71265 30628
71280 30381
71295 30135
71310 29890
71325 29646
71340 29403
71355 29161
71370 28920
71385 28680
71400 28441
71415 28203
71430 27966
71445 27730
71460 27495
71475 27261
71490 27028
71505 26796
71520 26565
71535 26335
71550 26106
71565 25878
71580 25651
71595 25425
71610 25200
71625 24976
71640 24753
71655 24531
71670 24310
71685 24090
71700 23871
71715 23653
71730 23436
71745 23220
71760 23005
71775 22791
71790 22578
71805 22366
71820 22155
71835 21945
71850 21736
71865 21528
71880 21321
71895 21115
71910 20910
71925 20706
71940 20503
71955 20301
71970 20100
71985 19900
72000 19701
72015 19503
72030 19306
72045 19110
72060 18915
72075 18721
72090 18528
72105 18336
72120 18145
72135 17955
72150 17766
72165 17578
72180 17391
72195 17205
72210 17020
72225 16836
72240 16653
72255 16471
72270 16290
72285 16110
72300 15931
72315 15753
72330 15576
72345 15400
72360 15225
72375 15051
72390 14878
72405 14706
72420 14535
72435 14365
72450 14196
72465 14028
72480 13861
72495 13695
72510 13530
72525 13366
72540 13203
72555 13041
72570 12880
72585 12720
72600 12561
72615 12403
72630 12246
72645 12090
72660 11935
72675 11781
72690 11628
72705 11476
72720 11325
72735 11175
72750 11026
72765 10878
72780 10731
72795 10585
72810 10440
72825 10296
72840 10153
72855 10011
72870 9870
72885 9730
72900 9591
72915 9453
72930 9316
72945 9180
72960 9045
72975 8911
72990 8778
73005 8646
73020 8515
73035 8385
73050 8256
73065 8128
73080 8001
73095 7875
73110 7750
73125 7626
73140 7503
73155 7381
73170 7260
73185 7140
73200 7021
73215 6903
73230 6786
73245 6670
73260 6555
73275 6441
73290 6328
73305 6216
73320 6105
73335 5995
73350 5886
73365 5778
73380 5671
73395 5565
73410 5460
73425 5356
73440 5253
73455 5151
73470 5050
73485 4950
73500 4851
73515 4753
73530 4656
73545 4560
73560 4465
73575 4371
73590 4278
73605 4186
73620 4095
73635 4005
73650 3916
73665 3828
73680 3741
73695 3655
73710 3570
73725 3486
73740 3403
73755 3321
73770 3240
73785 3160
73800 3081
73815 3003
73830 2926
73845 2850
73860 2775
73875 2701
73890 2628
73905 2556
73920 2485
73935 2415
73950 2346
73965 2278
73980 2211
73995 2145
74010 2080
74025 2016
74040 1953
74055 1891
74070 1830
74085 1770
74100 1711
74115 1653
74130 1596
74145 1540
74160 1485
74175 1431
74190 1378
74205 1326
74220 1275
74235 1225
74250 1176
74265 1128
74280 1081
74295 1035
74310 990
74325 946
74340 903
74355 861
74370 820
74385 780
74400 741
74415 703
74430 666
74445 630
74460 595
74475 561
74490 528
74505 496
74520 465
74535 435
74550 406
74565 378
74580 351
74595 325
74610 300
74625 276
74640 253
74655 231
74670 210
74685 190
74700 171
74715 153
74730 136
74745 120
74760 105
74775 91
74790 78
74805 66
74820 55
74835 45
74850 36
74865 28
74880 21
74895 15
74910 10
74925 6
74940 3
74955 1
74970 0
