4999
0 996876250
15 996878749
30 996881247
45 996883744
60 996886240
75 996888735
90 996891229
105 996893722
120 996896214
135 996898705
150 996901195
165 996903684
180 996906172
195 996908659
210 996911145
225 996913630
240 996916114
255 996918597
270 996921079
285 996923560
300 996926040
315 996928519
330 996930997
345 996933474
360 996935950
375 996938425
390 996940899
405 996943372
420 996945844
435 996948315
450 996950785
465 996953254
480 996955722
495 996958189
510 996960655
525 996963120
540 996965584
555 996968047
570 996970509
585 996972970
600 996975430
615 996977889
630 996980347
645 996982804
660 996985260
675 996987715
690 996990169
705 996992622
720 996995074
735 996997525
750 996999975
765 997002424
780 997004872
795 997007319
810 997009765
825 997012210
840 997014654
855 997017097
870 997019539
885 997021980
900 997024420
915 997026859
930 997029297
945 997031734
960 997034170
975 997036605
990 997039039
1005 997041472
1020 997043904
1035 997046335
1050 997048765
1065 997051194
1080 997053622
1095 997056049
1110 997058475
1125 997060900
1140 997063324
1155 997065747
1170 997068169
1185 997070590
1200 997073010
1215 997075429
1230 997077847
1245 997080264
1260 997082680
1275 997085095
1290 997087509
1305 997089922
1320 997092334
1335 997094745
1350 997097155
1365 997099564
1380 997101972
1395 997104379
1410 997106785
1425 997109190
1440 997111594
1455 997113997
1470 997116399
1485 997118800
1500 997121200
1515 997123599
1530 997125997
1545 997128394
1560 997130790
1575 997133185
1590 997135579
1605 997137972
1620 997140364
1635 997142755
1650 997145145
1665 997147534
1680 997149922
1695 997152309
1710 997154695
1725 997157080
1740 997159464
1755 997161847
1770 997164229
1785 997166610
1800 997168990
1815 997171369
1830 997173747
1845 997176124
1860 997178500
1875 997180875
1890 997183249
1905 997185622
1920 997187994
1935 997190365
1950 997192735
1965 997195104
1980 997197472
1995 997199839
2010 997202205
2025 997204570
2040 997206934
2055 997209297
2070 997211659
2085 997214020
2100 997216380
2115 997218739
2130 997221097
2145 997223454
2160 997225810
2175 997228165
2190 997230519
2205 997232872
2220 997235224
2235 997237575
2250 997239925
2265 997242274
2280 997244622
2295 997246969
2310 997249315
2325 997251660
2340 997254004
2355 997256347
2370 997258689
2385 997261030
2400 997263370
2415 997265709
2430 997268047
2445 997270384
2460 997272720
2475 997275055
2490 997277389
2505 997279722
2520 997282054
2535 997284385
2550 997286715
2565 997289044
2580 997291372
2595 997293699
2610 997296025
2625 997298350
2640 997300674
2655 997302997
2670 997305319
2685 997307640
2700 997309960
2715 997312279
2730 997314597
2745 997316914
2760 997319230
2775 997321545
2790 997323859
2805 997326172
2820 997328484
2835 997330795
2850 997333105
2865 997335414
2880 997337722
2895 997340029
2910 997342335
2925 997344640
2940 997346944
2955 997349247
2970 997351549
2985 997353850
3000 997356150
3015 997358449
3030 997360747
3045 997363044
3060 997365340
3075 997367635
3090 997369929
3105 997372222
3120 997374514
3135 997376805
3150 997379095
3165 997381384
3180 997383672
3195 997385959
3210 997388245
3225 997390530
3240 997392814
3255 997395097
3270 997397379
3285 997399660
3300 997401940
3315 997404219
3330 997406497
3345 997408774
3360 997411050
3375 997413325
3390 997415599
3405 997417872
3420 997420144
3435 997422415
3450 997424685
3465 997426954
3480 997429222
3495 997431489
3510 997433755
3525 997436020
3540 997438284
3555 997440547
3570 997442809
3585 997445070
3600 997447330
3615 997449589
3630 997451847
3645 997454104
3660 997456360
3675 997458615
3690 997460869
3705 997463122
3720 997465374
3735 997467625
3750 997469875
3765 997472124
3780 997474372
3795 997476619
3810 997478865
3825 997481110
3840 997483354
3855 997485597
3870 997487839
3885 997490080
3900 997492320
3915 997494559
3930 997496797
3945 997499034
3960 997501270
3975 997503505
3990 997505739
4005 997507972
4020 997510204
4035 997512435
4050 997514665
4065 997516894
4080 997519122
4095 997521349
4110 997523575
4125 997525800
4140 997528024
4155 997530247
4170 997532469
4185 997534690
4200 997536910
4215 997539129
4230 997541347
4245 997543564
4260 997545780
4275 997547995
4290 997550209
4305 997552422
4320 997554634
4335 997556845
4350 997559055
4365 997561264
4380 997563472
4395 997565679
4410 997567885
4425 997570090
4440 997572294
4455 997574497
4470 997576699
4485 997578900
4500 997581100
4515 997583299
4530 997585497
4545 997587694
4560 997589890
4575 997592085
4590 997594279
4605 997596472
4620 997598664
4635 997600855
4650 997603045
4665 997605234
4680 997607422
4695 997609609
4710 997611795
4725 997613980
4740 997616164
4755 997618347
4770 997620529
4785 997622710
4800 997624890
4815 997627069
4830 997629247
4845 997631424
4860 997633600
4875 997635775
4890 997637949
4905 997640122
4920 997642294
4935 997644465
4950 997646635
4965 997648804
4980 997650972
4995 997653139
5010 997655305
5025 997657470
5040 997659634
5055 997661797
5070 997663959
5085 997666120
5100 997668280
5115 997670439
5130 997672597
5145 997674754
5160 997676910
5175 997679065
5190 997681219
5205 997683372
5220 997685524
5235 997687675
5250 997689825
5265 997691974
5280 997694122
5295 997696269
5310 997698415
5325 997700560
5340 997702704
5355 997704847
5370 997706989
5385 997709130
5400 997711270
5415 997713409
5430 997715547
5445 997717684
5460 997719820
5475 997721955
5490 997724089
5505 997726222
5520 997728354
5535 997730485
5550 997732615
5565 997734744
5580 997736872
5595 997738999
5610 997741125
5625 997743250
5640 997745374
5655 997747497
5670 997749619
5685 997751740
5700 997753860
5715 997755979
5730 997758097
5745 997760214
5760 997762330
5775 997764445
5790 997766559
5805 997768672
5820 997770784
5835 997772895
5850 997775005
5865 997777114
5880 997779222
5895 997781329
5910 997783435
5925 997785540
5940 997787644
5955 997789747
5970 997791849
5985 997793950
6000 997796050
6015 997798149
6030 997800247
6045 997802344
6060 997804440
6075 997806535
6090 997808629
6105 997810722
6120 997812814
6135 997814905
6150 997816995
6165 997819084
6180 997821172
6195 997823259
6210 997825345
6225 997827430
6240 997829514
6255 997831597
6270 997833679
6285 997835760
6300 997837840
6315 997839919
6330 997841997
6345 997844074
6360 997846150
6375 997848225
6390 997850299
6405 997852372
6420 997854444
6435 997856515
6450 997858585
6465 997860654
6480 997862722
6495 997864789
6510 997866855
6525 997868920
6540 997870984
6555 997873047
6570 997875109
6585 997877170
6600 997879230
6615 997881289
6630 997883347
6645 997885404
6660 997887460
6675 997889515
6690 997891569
6705 997893622
6720 997895674
6735 997897725
6750 997899775
6765 997901824
6780 997903872
6795 997905919
6810 997907965
6825 997910010
6840 997912054
6855 997914097
6870 997916139
6885 997918180
6900 997920220
6915 997922259
6930 997924297
6945 997926334
6960 997928370
6975 997930405
6990 997932439
7005 997934472
7020 997936504
7035 997938535
7050 997940565
7065 997942594
7080 997944622
7095 997946649
7110 997948675
7125 997950700
7140 997952724
7155 997954747
7170 997956769
7185 997958790
7200 997960810
7215 997962829
7230 997964847
7245 997966864
7260 997968880
7275 997970895
7290 997972909
7305 997974922
7320 997976934
7335 997978945
7350 997980955
7365 997982964
7380 997984972
7395 997986979
7410 997988985
7425 997990990
7440 997992994
7455 997994997
7470 997996999
7485 997999000
7500 998001000
7515 998002999
7530 998004997
7545 998006994
7560 998008990
7575 998010985
7590 998012979
7605 998014972
7620 998016964
7635 998018955
7650 998020945
7665 998022934
7680 998024922
7695 998026909
7710 998028895
7725 998030880
7740 998032864
7755 998034847
7770 998036829
7785 998038810
7800 998040790
7815 998042769
7830 998044747
7845 998046724
7860 998048700
7875 998050675
7890 998052649
7905 998054622
7920 998056594
7935 998058565
7950 998060535
7965 998062504
7980 998064472
7995 998066439
8010 998068405
8025 998070370
8040 998072334
8055 998074297
8070 998076259
8085 998078220
8100 998080180
8115 998082139
8130 998084097
8145 998086054
8160 998088010
8175 998089965
8190 998091919
8205 998093872
8220 998095824
8235 998097775
8250 998099725
8265 998101674
8280 998103622
8295 998105569
8310 998107515
8325 998109460
8340 998111404
8355 998113347
8370 998115289
8385 998117230
8400 998119170
8415 998121109
8430 998123047
8445 998124984
8460 998126920
8475 998128855
8490 998130789
8505 998132722
8520 998134654
8535 998136585
8550 998138515
8565 998140444
8580 998142372
8595 998144299
8610 998146225
8625 998148150
8640 998150074
8655 998151997
8670 998153919
8685 998155840
8700 998157760
8715 998159679
8730 998161597
8745 998163514
8760 998165430
8775 998167345
8790 998169259
8805 998171172
8820 998173084
8835 998174995
8850 998176905
8865 998178814
8880 998180722
8895 998182629
8910 998184535
8925 998186440
8940 998188344
8955 998190247
8970 998192149
8985 998194050
9000 998195950
9015 998197849
9030 998199747
9045 998201644
9060 998203540
9075 998205435
9090 998207329
9105 998209222
9120 998211114
9135 998213005
9150 998214895
9165 998216784
9180 998218672
9195 998220559
9210 998222445
9225 998224330
9240 998226214
9255 998228097
9270 998229979
9285 998231860
9300 998233740
9315 998235619
9330 998237497
9345 998239374
9360 998241250
9375 998243125
9390 998244999
9405 998246872
9420 998248744
9435 998250615
9450 998252485
9465 998254354
9480 998256222
9495 998258089
9510 998259955
9525 998261820
9540 998263684
9555 998265547
9570 998267409
9585 998269270
9600 998271130
9615 998272989
9630 998274847
9645 998276704
9660 998278560
9675 998280415
9690 998282269
9705 998284122
9720 998285974
9735 998287825
9750 998289675
9765 998291524
9780 998293372
9795 998295219
9810 998297065
9825 998298910
9840 998300754
9855 998302597
9870 998304439
9885 998306280
9900 998308120
9915 998309959
9930 998311797
9945 998313634
9960 998315470
9975 998317305
9990 998319139
10005 998320972
10020 998322804
10035 998324635
10050 998326465
10065 998328294
10080 998330122
10095 998331949
10110 998333775
10125 998335600
10140 998337424
10155 998339247
10170 998341069
10185 998342890
10200 998344710
10215 998346529
10230 998348347
10245 998350164
10260 998351980
10275 998353795
10290 998355609
10305 998357422
10320 998359234
10335 998361045
10350 998362855
10365 998364664
10380 998366472
10395 998368279
10410 998370085
10425 998371890
10440 998373694
10455 998375497
10470 998377299
10485 998379100
10500 998380900
10515 998382699
10530 998384497
10545 998386294
10560 998388090
10575 998389885
10590 998391679
10605 998393472
10620 998395264
10635 998397055
10650 998398845
10665 998400634
10680 998402422
10695 998404209
10710 998405995
10725 998407780
10740 998409564
10755 998411347
10770 998413129
10785 998414910
10800 998416690
10815 998418469
10830 998420247
10845 998422024
10860 998423800
10875 998425575
10890 998427349
10905 998429122
10920 998430894
10935 998432665
10950 998434435
10965 998436204
10980 998437972
10995 998439739
11010 998441505
11025 998443270
11040 998445034
11055 998446797
11070 998448559
11085 998450320
11100 998452080
11115 998453839
11130 998455597
11145 998457354
11160 998459110
11175 998460865
11190 998462619
11205 998464372
11220 998466124
11235 998467875
11250 998469625
11265 998471374
11280 998473122
11295 998474869
11310 998476615
11325 998478360
11340 998480104
11355 998481847
11370 998483589
11385 998485330
11400 998487070
11415 998488809
11430 998490547
11445 998492284
11460 998494020
11475 998495755
11490 998497489
11505 998499222
11520 998500954
11535 998502685
11550 998504415
11565 998506144
11580 998507872
11595 998509599
11610 998511325
11625 998513050
11640 998514774
11655 998516497
11670 998518219
11685 998519940
11700 998521660
11715 998523379
11730 998525097
11745 998526814
11760 998528530
11775 998530245
11790 998531959
11805 998533672
11820 998535384
11835 998537095
11850 998538805
11865 998540514
11880 998542222
11895 998543929
11910 998545635
11925 998547340
11940 998549044
11955 998550747
11970 998552449
11985 998554150
12000 998555850
12015 998557549
12030 998559247
12045 998560944
12060 998562640
12075 998564335
12090 998566029
12105 998567722
12120 998569414
12135 998571105
12150 998572795
12165 998574484
12180 998576172
12195 998577859
12210 998579545
12225 998581230
12240 998582914
12255 998584597
12270 998586279
12285 998587960
12300 998589640
12315 998591319
12330 998592997
12345 998594674
12360 998596350
12375 998598025
12390 998599699
12405 998601372
12420 998603044
12435 998604715
12450 998606385
12465 998608054
12480 998609722
12495 998611389
12510 998613055
12525 998614720
12540 998616384
12555 998618047
12570 998619709
12585 998621370
12600 998623030
12615 998624689
12630 998626347
12645 998628004
12660 998629660
12675 998631315
12690 998632969
12705 998634622
12720 998636274
12735 998637925
12750 998639575
12765 998641224
12780 998642872
12795 998644519
12810 998646165
12825 998647810
12840 998649454
12855 998651097
12870 998652739
12885 998654380
12900 998656020
12915 998657659
12930 998659297
12945 998660934
12960 998662570
12975 998664205
12990 998665839
13005 998667472
13020 998669104
13035 998670735
13050 998672365
13065 998673994
13080 998675622
13095 998677249
13110 998678875
13125 998680500
13140 998682124
13155 998683747
13170 998685369
13185 998686990
13200 998688610
13215 998690229
13230 998691847
13245 998693464
13260 998695080
13275 998696695
13290 998698309
13305 998699922
13320 998701534
13335 998703145
13350 998704755
13365 998706364
13380 998707972
13395 998709579
13410 998711185
13425 998712790
13440 998714394
13455 998715997
13470 998717599
13485 998719200
13500 998720800
13515 998722399
13530 998723997
13545 998725594
13560 998727190
13575 998728785
13590 998730379
13605 998731972
13620 998733564
13635 998735155
13650 998736745
13665 998738334
13680 998739922
13695 998741509
13710 998743095
13725 998744680
13740 998746264
13755 998747847
13770 998749429
13785 998751010
13800 998752590
13815 998754169
13830 998755747
13845 998757324
13860 998758900
13875 998760475
13890 998762049
13905 998763622
13920 998765194
13935 998766765
13950 998768335
13965 998769904
13980 998771472
13995 998773039
14010 998774605
14025 998776170
14040 998777734
14055 998779297
14070 998780859
14085 998782420
14100 998783980
14115 998785539
14130 998787097
14145 998788654
14160 998790210
14175 998791765
14190 998793319
14205 998794872
14220 998796424
14235 998797975
14250 998799525
14265 998801074
14280 998802622
14295 998804169
14310 998805715
14325 998807260
14340 998808804
14355 998810347
14370 998811889
14385 998813430
14400 998814970
14415 998816509
14430 998818047
14445 998819584
14460 998821120
14475 998822655
14490 998824189
14505 998825722
14520 998827254
14535 998828785
14550 998830315
14565 998831844
14580 998833372
14595 998834899
14610 998836425
14625 998837950
14640 998839474
14655 998840997
14670 998842519
14685 998844040
14700 998845560
14715 998847079
14730 998848597
14745 998850114
14760 998851630
14775 998853145
14790 998854659
14805 998856172
14820 998857684
14835 998859195
14850 998860705
14865 998862214
14880 998863722
14895 998865229
14910 998866735
14925 998868240
14940 998869744
14955 998871247
14970 998872749
14985 998874250
15000 998875750
15015 998877249
15030 998878747
15045 998880244
15060 998881740
15075 998883235
15090 998884729
15105 998886222
15120 998887714
15135 998889205
15150 998890695
15165 998892184
15180 998893672
15195 998895159
15210 998896645
15225 998898130
15240 998899614
15255 998901097
15270 998902579
15285 998904060
15300 998905540
15315 998907019
15330 998908497
15345 998909974
15360 998911450
15375 998912925
15390 998914399
15405 998915872
15420 998917344
15435 998918815
15450 998920285
15465 998921754
15480 998923222
15495 998924689
15510 998926155
15525 998927620
15540 998929084
15555 998930547
15570 998932009
15585 998933470
15600 998934930
15615 998936389
15630 998937847
15645 998939304
15660 998940760
15675 998942215
15690 998943669
15705 998945122
15720 998946574
15735 998948025
15750 998949475
15765 998950924
15780 998952372
15795 998953819
15810 998955265
15825 998956710
15840 998958154
15855 998959597
15870 998961039
15885 998962480
15900 998963920
15915 998965359
15930 998966797
15945 998968234
15960 998969670
15975 998971105
15990 998972539
16005 998973972
16020 998975404
16035 998976835
16050 998978265
16065 998979694
16080 998981122
16095 998982549
16110 998983975
16125 998985400
16140 998986824
16155 998988247
16170 998989669
16185 998991090
16200 998992510
16215 998993929
16230 998995347
16245 998996764
16260 998998180
16275 998999595
16290 999001009
16305 999002422
16320 999003834
16335 999005245
16350 999006655
16365 999008064
16380 999009472
16395 999010879
16410 999012285
16425 999013690
16440 999015094
16455 999016497
16470 999017899
16485 999019300
16500 999020700
16515 999022099
16530 999023497
16545 999024894
16560 999026290
16575 999027685
16590 999029079
16605 999030472
16620 999031864
16635 999033255
16650 999034645
16665 999036034
16680 999037422
16695 999038809
16710 999040195
16725 999041580
16740 999042964
16755 999044347
16770 999045729
16785 999047110
16800 999048490
16815 999049869
16830 999051247
16845 999052624
16860 999054000
16875 999055375
16890 999056749
16905 999058122
16920 999059494
16935 999060865
16950 999062235
16965 999063604
16980 999064972
16995 999066339
17010 999067705
17025 999069070
17040 999070434
17055 999071797
17070 999073159
17085 999074520
17100 999075880
17115 999077239
17130 999078597
17145 999079954
17160 999081310
17175 999082665
17190 999084019
17205 999085372
17220 999086724
17235 999088075
17250 999089425
17265 999090774
17280 999092122
17295 999093469
17310 999094815
17325 999096160
17340 999097504
17355 999098847
17370 999100189
17385 999101530
17400 999102870
17415 999104209
17430 999105547
17445 999106884
17460 999108220
17475 999109555
17490 999110889
17505 999112222
17520 999113554
17535 999114885
17550 999116215
17565 999117544
17580 999118872
17595 999120199
17610 999121525
17625 999122850
17640 999124174
17655 999125497
17670 999126819
17685 999128140
17700 999129460
17715 999130779
17730 999132097
17745 999133414
17760 999134730
17775 999136045
17790 999137359
17805 999138672
17820 999139984
17835 999141295
17850 999142605
17865 999143914
17880 999145222
17895 999146529
17910 999147835
17925 999149140
17940 999150444
17955 999151747
17970 999153049
17985 999154350
18000 999155650
18015 999156949
18030 999158247
18045 999159544
18060 999160840
18075 999162135
18090 999163429
18105 999164722
18120 999166014
18135 999167305
18150 999168595
18165 999169884
18180 999171172
18195 999172459
18210 999173745
18225 999175030
18240 999176314
18255 999177597
18270 999178879
18285 999180160
18300 999181440
18315 999182719
18330 999183997
18345 999185274
18360 999186550
18375 999187825
18390 999189099
18405 999190372
18420 999191644
18435 999192915
18450 999194185
18465 999195454
18480 999196722
18495 999197989
18510 999199255
18525 999200520
18540 999201784
18555 999203047
18570 999204309
18585 999205570
18600 999206830
18615 999208089
18630 999209347
18645 999210604
18660 999211860
18675 999213115
18690 999214369
18705 999215622
18720 999216874
18735 999218125
18750 999219375
18765 999220624
18780 999221872
18795 999223119
18810 999224365
18825 999225610
18840 999226854
18855 999228097
18870 999229339
18885 999230580
18900 999231820
18915 999233059
18930 999234297
18945 999235534
18960 999236770
18975 999238005
18990 999239239
19005 999240472
19020 999241704
19035 999242935
19050 999244165
19065 999245394
19080 999246622
19095 999247849
19110 999249075
19125 999250300
19140 999251524
19155 999252747
19170 999253969
19185 999255190
19200 999256410
19215 999257629
19230 999258847
19245 999260064
19260 999261280
19275 999262495
19290 999263709
19305 999264922
19320 999266134
19335 999267345
19350 999268555
19365 999269764
19380 999270972
19395 999272179
19410 999273385
19425 999274590
19440 999275794
19455 999276997
19470 999278199
19485 999279400
19500 999280600
19515 999281799
19530 999282997
19545 999284194
19560 999285390
19575 999286585
19590 999287779
19605 999288972
19620 999290164
19635 999291355
19650 999292545
19665 999293734
19680 999294922
19695 999296109
19710 999297295
19725 999298480
19740 999299664
19755 999300847
19770 999302029
19785 999303210
19800 999304390
19815 999305569
19830 999306747
19845 999307924
19860 999309100
19875 999310275
19890 999311449
19905 999312622
19920 999313794
19935 999314965
19950 999316135
19965 999317304
19980 999318472
19995 999319639
20010 999320805
20025 999321970
20040 999323134
20055 999324297
20070 999325459
20085 999326620
20100 999327780
20115 999328939
20130 999330097
20145 999331254
20160 999332410
20175 999333565
20190 999334719
20205 999335872
20220 999337024
20235 999338175
20250 999339325
20265 999340474
20280 999341622
20295 999342769
20310 999343915
20325 999345060
20340 999346204
20355 999347347
20370 999348489
20385 999349630
20400 999350770
20415 999351909
20430 999353047
20445 999354184
20460 999355320
20475 999356455
20490 999357589
20505 999358722
20520 999359854
20535 999360985
20550 999362115
20565 999363244
20580 999364372
20595 999365499
20610 999366625
20625 999367750
20640 999368874
20655 999369997
20670 999371119
20685 999372240
20700 999373360
20715 999374479
20730 999375597
20745 999376714
20760 999377830
20775 999378945
20790 999380059
20805 999381172
20820 999382284
20835 999383395
20850 999384505
20865 999385614
20880 999386722
20895 999387829
20910 999388935
20925 999390040
20940 999391144
20955 999392247
20970 999393349
20985 999394450
21000 999395550
21015 999396649
21030 999397747
21045 999398844
21060 999399940
21075 999401035
21090 999402129
21105 999403222
21120 999404314
21135 999405405
21150 999406495
21165 999407584
21180 999408672
21195 999409759
21210 999410845
21225 999411930
21240 999413014
21255 999414097
21270 999415179
21285 999416260
21300 999417340
21315 999418419
21330 999419497
21345 999420574
21360 999421650
21375 999422725
21390 999423799
21405 999424872
21420 999425944
21435 999427015
21450 999428085
21465 999429154
21480 999430222
21495 999431289
21510 999432355
21525 999433420
21540 999434484
21555 999435547
21570 999436609
21585 999437670
21600 999438730
21615 999439789
21630 999440847
21645 999441904
21660 999442960
21675 999444015
21690 999445069
21705 999446122
21720 999447174
21735 999448225
21750 999449275
21765 999450324
21780 999451372
21795 999452419
21810 999453465
21825 999454510
21840 999455554
21855 999456597
21870 999457639
21885 999458680
21900 999459720
21915 999460759
21930 999461797
21945 999462834
21960 999463870
21975 999464905
21990 999465939
22005 999466972
22020 999468004
22035 999469035
22050 999470065
22065 999471094
22080 999472122
22095 999473149
22110 999474175
22125 999475200
22140 999476224
22155 999477247
22170 999478269
22185 999479290
22200 999480310
22215 999481329
22230 999482347
22245 999483364
22260 999484380
22275 999485395
22290 999486409
22305 999487422
22320 999488434
22335 999489445
22350 999490455
22365 999491464
22380 999492472
22395 999493479
22410 999494485
22425 999495490
22440 999496494
22455 999497497
22470 999498499
22485 999499500
22500 999500500
22515 999501499
22530 999502497
22545 999503494
22560 999504490
22575 999505485
22590 999506479
22605 999507472
22620 999508464
22635 999509455
22650 999510445
22665 999511434
22680 999512422
22695 999513409
22710 999514395
22725 999515380
22740 999516364
22755 999517347
22770 999518329
22785 999519310
22800 999520290
22815 999521269
22830 999522247
22845 999523224
22860 999524200
22875 999525175
22890 999526149
22905 999527122
22920 999528094
22935 999529065
22950 999530035
22965 999531004
22980 999531972
22995 999532939
23010 999533905
23025 999534870
23040 999535834
23055 999536797
23070 999537759
23085 999538720
23100 999539680
23115 999540639
23130 999541597
23145 999542554
23160 999543510
23175 999544465
23190 999545419
23205 999546372
23220 999547324
23235 999548275
23250 999549225
23265 999550174
23280 999551122
23295 999552069
23310 999553015
23325 999553960
23340 999554904
23355 999555847
23370 999556789
23385 999557730
23400 999558670
23415 999559609
23430 999560547
23445 999561484
23460 999562420
23475 999563355
23490 999564289
23505 999565222
23520 999566154
23535 999567085
23550 999568015
23565 999568944
23580 999569872
23595 999570799
23610 999571725
23625 999572650
23640 999573574
23655 999574497
23670 999575419
23685 999576340
23700 999577260
23715 999578179
23730 999579097
23745 999580014
23760 999580930
23775 999581845
23790 999582759
23805 999583672
23820 999584584
23835 999585495
23850 999586405
23865 999587314
23880 999588222
23895 999589129
23910 999590035
23925 999590940
23940 999591844
23955 999592747
23970 999593649
23985 999594550
24000 999595450
24015 999596349
24030 999597247
24045 999598144
24060 999599040
24075 999599935
24090 999600829
24105 999601722
24120 999602614
24135 999603505
24150 999604395
24165 999605284
24180 999606172
24195 999607059
24210 999607945
24225 999608830
24240 999609714
24255 999610597
24270 999611479
24285 999612360
24300 999613240
24315 999614119
24330 999614997
24345 999615874
24360 999616750
24375 999617625
24390 999618499
24405 999619372
24420 999620244
24435 999621115
24450 999621985
24465 999622854
24480 999623722
24495 999624589
24510 999625455
24525 999626320
24540 999627184
24555 999628047
24570 999628909
24585 999629770
24600 999630630
24615 999631489
24630 999632347
24645 999633204
24660 999634060
24675 999634915
24690 999635769
24705 999636622
24720 999637474
24735 999638325
24750 999639175
24765 999640024
24780 999640872
24795 999641719
24810 999642565
24825 999643410
24840 999644254
24855 999645097
24870 999645939
24885 999646780
24900 999647620
24915 999648459
24930 999649297
24945 999650134
24960 999650970
24975 999651805
24990 999652639
25005 999653472
25020 999654304
25035 999655135
25050 999655965
25065 999656794
25080 999657622
25095 999658449
25110 999659275
25125 999660100
25140 999660924
25155 999661747
25170 999662569
25185 999663390
25200 999664210
25215 999665029
25230 999665847
25245 999666664
25260 999667480
25275 999668295
25290 999669109
25305 999669922
25320 999670734
25335 999671545
25350 999672355
25365 999673164
25380 999673972
25395 999674779
25410 999675585
25425 999676390
25440 999677194
25455 999677997
25470 999678799
25485 999679600
25500 999680400
25515 999681199
25530 999681997
25545 999682794
25560 999683590
25575 999684385
25590 999685179
25605 999685972
25620 999686764
25635 999687555
25650 999688345
25665 999689134
25680 999689922
25695 999690709
25710 999691495
25725 999692280
25740 999693064
25755 999693847
25770 999694629
25785 999695410
25800 999696190
25815 999696969
25830 999697747
25845 999698524
25860 999699300
25875 999700075
25890 999700849
25905 999701622
25920 999702394
25935 999703165
25950 999703935
25965 999704704
25980 999705472
25995 999706239
26010 999707005
26025 999707770
26040 999708534
26055 999709297
26070 999710059
26085 999710820
26100 999711580
26115 999712339
26130 999713097
26145 999713854
26160 999714610
26175 999715365
26190 999716119
26205 999716872
26220 999717624
26235 999718375
26250 999719125
26265 999719874
26280 999720622
26295 999721369
26310 999722115
26325 999722860
26340 999723604
26355 999724347
26370 999725089
26385 999725830
26400 999726570
26415 999727309
26430 999728047
26445 999728784
26460 999729520
26475 999730255
26490 999730989
26505 999731722
26520 999732454
26535 999733185
26550 999733915
26565 999734644
26580 999735372
26595 999736099
26610 999736825
26625 999737550
26640 999738274
26655 999738997
26670 999739719
26685 999740440
26700 999741160
26715 999741879
26730 999742597
26745 999743314
26760 999744030
26775 999744745
26790 999745459
26805 999746172
26820 999746884
26835 999747595
26850 999748305
26865 999749014
26880 999749722
26895 999750429
26910 999751135
26925 999751840
26940 999752544
26955 999753247
26970 999753949
26985 999754650
27000 999755350
27015 999756049
27030 999756747
27045 999757444
27060 999758140
27075 999758835
27090 999759529
27105 999760222
27120 999760914
27135 999761605
27150 999762295
27165 999762984
27180 999763672
27195 999764359
27210 999765045
27225 999765730
27240 999766414
27255 999767097
27270 999767779
27285 999768460
27300 999769140
27315 999769819
27330 999770497
27345 999771174
27360 999771850
27375 999772525
27390 999773199
27405 999773872
27420 999774544
27435 999775215
27450 999775885
27465 999776554
27480 999777222
27495 999777889
27510 999778555
27525 999779220
27540 999779884
27555 999780547
27570 999781209
27585 999781870
27600 999782530
27615 999783189
27630 999783847
27645 999784504
27660 999785160
27675 999785815
27690 999786469
27705 999787122
27720 999787774
27735 999788425
27750 999789075
27765 999789724
27780 999790372
27795 999791019
27810 999791665
27825 999792310
27840 999792954
27855 999793597
27870 999794239
27885 999794880
27900 999795520
27915 999796159
27930 999796797
27945 999797434
27960 999798070
27975 999798705
27990 999799339
28005 999799972
28020 999800604
28035 999801235
28050 999801865
28065 999802494
28080 999803122
28095 999803749
28110 999804375
28125 999805000
28140 999805624
28155 999806247
28170 999806869
28185 999807490
28200 999808110
28215 999808729
28230 999809347
28245 999809964
28260 999810580
28275 999811195
28290 999811809
28305 999812422
28320 999813034
28335 999813645
28350 999814255
28365 999814864
28380 999815472
28395 999816079
28410 999816685
28425 999817290
28440 999817894
28455 999818497
28470 999819099
28485 999819700
28500 999820300
28515 999820899
28530 999821497
28545 999822094
28560 999822690
28575 999823285
28590 999823879
28605 999824472
28620 999825064
28635 999825655
28650 999826245
28665 999826834
28680 999827422
28695 999828009
28710 999828595
28725 999829180
28740 999829764
28755 999830347
28770 999830929
28785 999831510
28800 999832090
28815 999832669
28830 999833247
28845 999833824
28860 999834400
28875 999834975
28890 999835549
28905 999836122
28920 999836694
28935 999837265
28950 999837835
28965 999838404
28980 999838972
28995 999839539
29010 999840105
29025 999840670
29040 999841234
29055 999841797
29070 999842359
29085 999842920
29100 999843480
29115 999844039
29130 999844597
29145 999845154
29160 999845710
29175 999846265
29190 999846819
29205 999847372
29220 999847924
29235 999848475
29250 999849025
29265 999849574
29280 999850122
29295 999850669
29310 999851215
29325 999851760
29340 999852304
29355 999852847
29370 999853389
29385 999853930
29400 999854470
29415 999855009
29430 999855547
29445 999856084
29460 999856620
29475 999857155
29490 999857689
29505 999858222
29520 999858754
29535 999859285
29550 999859815
29565 999860344
29580 999860872
29595 999861399
29610 999861925
29625 999862450
29640 999862974
29655 999863497
29670 999864019
29685 999864540
29700 999865060
29715 999865579
29730 999866097
29745 999866614
29760 999867130
29775 999867645
29790 999868159
29805 999868672
29820 999869184
29835 999869695
29850 999870205
29865 999870714
29880 999871222
29895 999871729
29910 999872235
29925 999872740
29940 999873244
29955 999873747
29970 999874249
29985 999874750
30000 999875250
30015 999875749
30030 999876247
30045 999876744
30060 999877240
30075 999877735
30090 999878229
30105 999878722
30120 999879214
30135 999879705
30150 999880195
30165 999880684
30180 999881172
30195 999881659
30210 999882145
30225 999882630
30240 999883114
30255 999883597
30270 999884079
30285 999884560
30300 999885040
30315 999885519
30330 999885997
30345 999886474
30360 999886950
30375 999887425
30390 999887899
30405 999888372
30420 999888844
30435 999889315
30450 999889785
30465 999890254
30480 999890722
30495 999891189
30510 999891655
30525 999892120
30540 999892584
30555 999893047
30570 999893509
30585 999893970
30600 999894430
30615 999894889
30630 999895347
30645 999895804
30660 999896260
30675 999896715
30690 999897169
30705 999897622
30720 999898074
30735 999898525
30750 999898975
30765 999899424
30780 999899872
30795 999900319
30810 999900765
30825 999901210
30840 999901654
30855 999902097
30870 999902539
30885 999902980
30900 999903420
30915 999903859
30930 999904297
30945 999904734
30960 999905170
30975 999905605
30990 999906039
31005 999906472
31020 999906904
31035 999907335
31050 999907765
31065 999908194
31080 999908622
31095 999909049
31110 999909475
31125 999909900
31140 999910324
31155 999910747
31170 999911169
31185 999911590
31200 999912010
31215 999912429
31230 999912847
31245 999913264
31260 999913680
31275 999914095
31290 999914509
31305 999914922
31320 999915334
31335 999915745
31350 999916155
31365 999916564
31380 999916972
31395 999917379
31410 999917785
31425 999918190
31440 999918594
31455 999918997
31470 999919399
31485 999919800
31500 999920200
31515 999920599
31530 999920997
31545 999921394
31560 999921790
31575 999922185
31590 999922579
31605 999922972
31620 999923364
31635 999923755
31650 999924145
31665 999924534
31680 999924922
31695 999925309
31710 999925695
31725 999926080
31740 999926464
31755 999926847
31770 999927229
31785 999927610
31800 999927990
31815 999928369
31830 999928747
31845 999929124
31860 999929500
31875 999929875
31890 999930249
31905 999930622
31920 999930994
31935 999931365
31950 999931735
31965 999932104
31980 999932472
31995 999932839
32010 999933205
32025 999933570
32040 999933934
32055 999934297
32070 999934659
32085 999935020
32100 999935380
32115 999935739
32130 999936097
32145 999936454
32160 999936810
32175 999937165
32190 999937519
32205 999937872
32220 999938224
32235 999938575
32250 999938925
32265 999939274
32280 999939622
32295 999939969
32310 999940315
32325 999940660
32340 999941004
32355 999941347
32370 999941689
32385 999942030
32400 999942370
32415 999942709
32430 999943047
32445 999943384
32460 999943720
32475 999944055
32490 999944389
32505 999944722
32520 999945054
32535 999945385
32550 999945715
32565 999946044
32580 999946372
32595 999946699
32610 999947025
32625 999947350
32640 999947674
32655 999947997
32670 999948319
32685 999948640
32700 999948960
32715 999949279
32730 999949597
32745 999949914
32760 999950230
32775 999950545
32790 999950859
32805 999951172
32820 999951484
32835 999951795
32850 999952105
32865 999952414
32880 999952722
32895 999953029
32910 999953335
32925 999953640
32940 999953944
32955 999954247
32970 999954549
32985 999954850
33000 999955150
33015 999955449
33030 999955747
33045 999956044
33060 999956340
33075 999956635
33090 999956929
33105 999957222
33120 999957514
33135 999957805
33150 999958095
33165 999958384
33180 999958672
33195 999958959
33210 999959245
33225 999959530
33240 999959814
33255 999960097
33270 999960379
33285 999960660
33300 999960940
33315 999961219
33330 999961497
33345 999961774
33360 999962050
33375 999962325
33390 999962599
33405 999962872
33420 999963144
33435 999963415
33450 999963685
33465 999963954
33480 999964222
33495 999964489
33510 999964755
33525 999965020
33540 999965284
33555 999965547
33570 999965809
33585 999966070
33600 999966330
33615 999966589
33630 999966847
33645 999967104
33660 999967360
33675 999967615
33690 999967869
33705 999968122
33720 999968374
33735 999968625
33750 999968875
33765 999969124
33780 999969372
33795 999969619
33810 999969865
33825 999970110
33840 999970354
33855 999970597
33870 999970839
33885 999971080
33900 999971320
33915 999971559
33930 999971797
33945 999972034
33960 999972270
33975 999972505
33990 999972739
34005 999972972
34020 999973204
34035 999973435
34050 999973665
34065 999973894
34080 999974122
34095 999974349
34110 999974575
34125 999974800
34140 999975024
34155 999975247
34170 999975469
34185 999975690
34200 999975910
34215 999976129
34230 999976347
34245 999976564
34260 999976780
34275 999976995
34290 999977209
34305 999977422
34320 999977634
34335 999977845
34350 999978055
34365 999978264
34380 999978472
34395 999978679
34410 999978885
34425 999979090
34440 999979294
34455 999979497
34470 999979699
34485 999979900
34500 999980100
34515 999980299
34530 999980497
34545 999980694
34560 999980890
34575 999981085
34590 999981279
34605 999981472
34620 999981664
34635 999981855
34650 999982045
34665 999982234
34680 999982422
34695 999982609
34710 999982795
34725 999982980
34740 999983164
34755 999983347
34770 999983529
34785 999983710
34800 999983890
34815 999984069
34830 999984247
34845 999984424
34860 999984600
34875 999984775
34890 999984949
34905 999985122
34920 999985294
34935 999985465
34950 999985635
34965 999985804
34980 999985972
34995 999986139
35010 999986305
35025 999986470
35040 999986634
35055 999986797
35070 999986959
35085 999987120
35100 999987280
35115 999987439
35130 999987597
35145 999987754
35160 999987910
35175 999988065
35190 999988219
35205 999988372
35220 999988524
35235 999988675
35250 999988825
35265 999988974
35280 999989122
35295 999989269
35310 999989415
35325 999989560
35340 999989704
35355 999989847
35370 999989989
35385 999990130
35400 999990270
35415 999990409
35430 999990547
35445 999990684
35460 999990820
35475 999990955
35490 999991089
35505 999991222
35520 999991354
35535 999991485
35550 999991615
35565 999991744
35580 999991872
35595 999991999
35610 999992125
35625 999992250
35640 999992374
35655 999992497
35670 999992619
35685 999992740
35700 999992860
35715 999992979
35730 999993097
35745 999993214
35760 999993330
35775 999993445
35790 999993559
35805 999993672
35820 999993784
35835 999993895
35850 999994005
35865 999994114
35880 999994222
35895 999994329
35910 999994435
35925 999994540
35940 999994644
35955 999994747
35970 999994849
35985 999994950
36000 999995050
36015 999995149
36030 999995247
36045 999995344
36060 999995440
36075 999995535
36090 999995629
36105 999995722
36120 999995814
36135 999995905
36150 999995995
36165 999996084
36180 999996172
36195 999996259
36210 999996345
36225 999996430
36240 999996514
36255 999996597
36270 999996679
36285 999996760
36300 999996840
36315 999996919
36330 999996997
36345 999997074
36360 999997150
36375 999997225
36390 999997299
36405 999997372
36420 999997444
36435 999997515
36450 999997585
36465 999997654
36480 999997722
36495 999997789
36510 999997855
36525 999997920
36540 999997984
36555 999998047
36570 999998109
36585 999998170
36600 999998230
36615 999998289
36630 999998347
36645 999998404
36660 999998460
36675 999998515
36690 999998569
36705 999998622
36720 999998674
36735 999998725
36750 999998775
36765 999998824
36780 999998872
36795 999998919
36810 999998965
36825 999999010
36840 999999054
36855 999999097
36870 999999139
36885 999999180
36900 999999220
36915 999999259
36930 999999297
36945 999999334
36960 999999370
36975 999999405
36990 999999439
37005 999999472
37020 999999504
37035 999999535
37050 999999565
37065 999999594
37080 999999622
37095 999999649
37110 999999675
37125 999999700
37140 999999724
37155 999999747
37170 999999769
37185 999999790
37200 999999810
37215 999999829
37230 999999847
37245 999999864
37260 999999880
37275 999999895
37290 999999909
37305 999999922
37320 999999934
37335 999999945
37350 999999955
37365 999999964
37380 999999972
37395 999999979
37410 999999985
37425 999999990
37440 999999994
37455 999999997
37470 999999999
37485 1000000000
37500 999999999
37515 999999997
37530 999999994
37545 999999990
37560 999999985
37575 999999979
37590 999999972
37605 999999964
37620 999999955
37635 999999945
37650 999999934
37665 999999922
37680 999999909
37695 999999895
37710 999999880
37725 999999864
37740 999999847
37755 999999829
37770 999999810
37785 999999790
37800 999999769
37815 999999747
37830 999999724
37845 999999700
37860 999999675
37875 999999649
37890 999999622
37905 999999594
37920 999999565
37935 999999535
37950 999999504
37965 999999472
37980 999999439
37995 999999405
38010 999999370
38025 999999334
38040 999999297
38055 999999259
38070 999999220
38085 999999180
38100 999999139
38115 999999097
38130 999999054
38145 999999010
38160 999998965
38175 999998919
38190 999998872
38205 999998824
38220 999998775
38235 999998725
38250 999998674
38265 999998622
38280 999998569
38295 999998515
38310 999998460
38325 999998404
38340 999998347
38355 999998289
38370 999998230
38385 999998170
38400 999998109
38415 999998047
38430 999997984
38445 999997920
38460 999997855
38475 999997789
38490 999997722
38505 999997654
38520 999997585
38535 999997515
38550 999997444
38565 999997372
38580 999997299
38595 999997225
38610 999997150
38625 999997074
38640 999996997
38655 999996919
38670 999996840
38685 999996760
38700 999996679
38715 999996597
38730 999996514
38745 999996430
38760 999996345
38775 999996259
38790 999996172
38805 999996084
38820 999995995
38835 999995905
38850 999995814
38865 999995722
38880 999995629
38895 999995535
38910 999995440
38925 999995344
38940 999995247
38955 999995149
38970 999995050
38985 999994950
39000 999994849
39015 999994747
39030 999994644
39045 999994540
39060 999994435
39075 999994329
39090 999994222
39105 999994114
39120 999994005
39135 999993895
39150 999993784
39165 999993672
39180 999993559
39195 999993445
39210 999993330
39225 999993214
39240 999993097
39255 999992979
39270 999992860
39285 999992740
39300 999992619
39315 999992497
39330 999992374
39345 999992250
39360 999992125
39375 999991999
39390 999991872
39405 999991744
39420 999991615
39435 999991485
39450 999991354
39465 999991222
39480 999991089
39495 999990955
39510 999990820
39525 999990684
39540 999990547
39555 999990409
39570 999990270
39585 999990130
39600 999989989
39615 999989847
39630 999989704
39645 999989560
39660 999989415
39675 999989269
39690 999989122
39705 999988974
39720 999988825
39735 999988675
39750 999988524
39765 999988372
39780 999988219
39795 999988065
39810 999987910
39825 999987754
39840 999987597
39855 999987439
39870 999987280
39885 999987120
39900 999986959
39915 999986797
39930 999986634
39945 999986470
39960 999986305
39975 999986139
39990 999985972
40005 999985804
40020 999985635
40035 999985465
40050 999985294
40065 999985122
40080 999984949
40095 999984775
40110 999984600
40125 999984424
40140 999984247
40155 999984069
40170 999983890
40185 999983710
40200 999983529
40215 999983347
40230 999983164
40245 999982980
40260 999982795
40275 999982609
40290 999982422
40305 999982234
40320 999982045
40335 999981855
40350 999981664
40365 999981472
40380 999981279
40395 999981085
40410 999980890
40425 999980694
40440 999980497
40455 999980299
40470 999980100
40485 999979900
40500 999979699
40515 999979497
40530 999979294
40545 999979090
40560 999978885
40575 999978679
40590 999978472
40605 999978264
40620 999978055
40635 999977845
40650 999977634
40665 999977422
40680 999977209
40695 999976995
40710 999976780
40725 999976564
40740 999976347
40755 999976129
40770 999975910
40785 999975690
40800 999975469
40815 999975247
40830 999975024
40845 999974800
40860 999974575
40875 999974349
40890 999974122
40905 999973894
40920 999973665
40935 999973435
40950 999973204
40965 999972972
40980 999972739
40995 999972505
41010 999972270
41025 999972034
41040 999971797
41055 999971559
41070 999971320
41085 999971080
41100 999970839
41115 999970597
41130 999970354
41145 999970110
41160 999969865
41175 999969619
41190 999969372
41205 999969124
41220 999968875
41235 999968625
41250 999968374
41265 999968122
41280 999967869
41295 999967615
41310 999967360
41325 999967104
41340 999966847
41355 999966589
41370 999966330
41385 999966070
41400 999965809
41415 999965547
41430 999965284
41445 999965020
41460 999964755
41475 999964489
41490 999964222
41505 999963954
41520 999963685
41535 999963415
41550 999963144
41565 999962872
41580 999962599
41595 999962325
41610 999962050
41625 999961774
41640 999961497
41655 999961219
41670 999960940
41685 999960660
41700 999960379
41715 999960097
41730 999959814
41745 999959530
41760 999959245
41775 999958959
41790 999958672
41805 999958384
41820 999958095
41835 999957805
41850 999957514
41865 999957222
41880 999956929
41895 999956635
41910 999956340
41925 999956044
41940 999955747
41955 999955449
41970 999955150
41985 999954850
42000 999954549
42015 999954247
42030 999953944
42045 999953640
42060 999953335
42075 999953029
42090 999952722
42105 999952414
42120 999952105
42135 999951795
42150 999951484
42165 999951172
42180 999950859
42195 999950545
42210 999950230
42225 999949914
42240 999949597
42255 999949279
42270 999948960
42285 999948640
42300 999948319
42315 999947997
42330 999947674
42345 999947350
42360 999947025
42375 999946699
42390 999946372
42405 999946044
42420 999945715
42435 999945385
42450 999945054
42465 999944722
42480 999944389
42495 999944055
42510 999943720
42525 999943384
42540 999943047
42555 999942709
42570 999942370
42585 999942030
42600 999941689
42615 999941347
42630 999941004
42645 999940660
42660 999940315
42675 999939969
42690 999939622
42705 999939274
42720 999938925
42735 999938575
42750 999938224
42765 999937872
42780 999937519
42795 999937165
42810 999936810
42825 999936454
42840 999936097
42855 999935739
42870 999935380
42885 999935020
42900 999934659
42915 999934297
42930 999933934
42945 999933570
42960 999933205
42975 999932839
42990 999932472
43005 999932104
43020 999931735
43035 999931365
43050 999930994
43065 999930622
43080 999930249
43095 999929875
43110 999929500
43125 999929124
43140 999928747
43155 999928369
43170 999927990
43185 999927610
43200 999927229
43215 999926847
43230 999926464
43245 999926080
43260 999925695
43275 999925309
43290 999924922
43305 999924534
43320 999924145
43335 999923755
43350 999923364
43365 999922972
43380 999922579
43395 999922185
43410 999921790
43425 999921394
43440 999920997
43455 999920599
43470 999920200
43485 999919800
43500 999919399
43515 999918997
43530 999918594
43545 999918190
43560 999917785
43575 999917379
43590 999916972
43605 999916564
43620 999916155
43635 999915745
43650 999915334
43665 999914922
43680 999914509
43695 999914095
43710 999913680
43725 999913264
43740 999912847
43755 999912429
43770 999912010
43785 999911590
43800 999911169
43815 999910747
43830 999910324
43845 999909900
43860 999909475
43875 999909049
43890 999908622
43905 999908194
43920 999907765
43935 999907335
43950 999906904
43965 999906472
43980 999906039
43995 999905605
44010 999905170
44025 999904734
44040 999904297
44055 999903859
44070 999903420
44085 999902980
44100 999902539
44115 999902097
44130 999901654
44145 999901210
44160 999900765
44175 999900319
44190 999899872
44205 999899424
44220 999898975
44235 999898525
44250 999898074
44265 999897622
44280 999897169
44295 999896715
44310 999896260
44325 999895804
44340 999895347
44355 999894889
44370 999894430
44385 999893970
44400 999893509
44415 999893047
44430 999892584
44445 999892120
44460 999891655
44475 999891189
44490 999890722
44505 999890254
44520 999889785
44535 999889315
44550 999888844
44565 999888372
44580 999887899
44595 999887425
44610 999886950
44625 999886474
44640 999885997
44655 999885519
44670 999885040
44685 999884560
44700 999884079
44715 999883597
44730 999883114
44745 999882630
44760 999882145
44775 999881659
44790 999881172
44805 999880684
44820 999880195
44835 999879705
44850 999879214
44865 999878722
44880 999878229
44895 999877735
44910 999877240
44925 999876744
44940 999876247
44955 999875749
44970 999875250
44985 999874750
45000 999874249
45015 999873747
45030 999873244
45045 999872740
45060 999872235
45075 999871729
45090 999871222
45105 999870714
45120 999870205
45135 999869695
45150 999869184
45165 999868672
45180 999868159
45195 999867645
45210 999867130
45225 999866614
45240 999866097
45255 999865579
45270 999865060
45285 999864540
45300 999864019
45315 999863497
45330 999862974
45345 999862450
45360 999861925
45375 999861399
45390 999860872
45405 999860344
45420 999859815
45435 999859285
45450 999858754
45465 999858222
45480 999857689
45495 999857155
45510 999856620
45525 999856084
45540 999855547
45555 999855009
45570 999854470
45585 999853930
45600 999853389
45615 999852847
45630 999852304
45645 999851760
45660 999851215
45675 999850669
45690 999850122
45705 999849574
45720 999849025
45735 999848475
45750 999847924
45765 999847372
45780 999846819
45795 999846265
45810 999845710
45825 999845154
45840 999844597
45855 999844039
45870 999843480
45885 999842920
45900 999842359
45915 999841797
45930 999841234
45945 999840670
45960 999840105
45975 999839539
45990 999838972
46005 999838404
46020 999837835
46035 999837265
46050 999836694
46065 999836122
46080 999835549
46095 999834975
46110 999834400
46125 999833824
46140 999833247
46155 999832669
46170 999832090
46185 999831510
46200 999830929
46215 999830347
46230 999829764
46245 999829180
46260 999828595
46275 999828009
46290 999827422
46305 999826834
46320 999826245
46335 999825655
46350 999825064
46365 999824472
46380 999823879
46395 999823285
46410 999822690
46425 999822094
46440 999821497
46455 999820899
46470 999820300
46485 999819700
46500 999819099
46515 999818497
46530 999817894
46545 999817290
46560 999816685
46575 999816079
46590 999815472
46605 999814864
46620 999814255
46635 999813645
46650 999813034
46665 999812422
46680 999811809
46695 999811195
46710 999810580
46725 999809964
46740 999809347
46755 999808729
46770 999808110
46785 999807490
46800 999806869
46815 999806247
46830 999805624
46845 999805000
46860 999804375
46875 999803749
46890 999803122
46905 999802494
46920 999801865
46935 999801235
46950 999800604
46965 999799972
46980 999799339
46995 999798705
47010 999798070
47025 999797434
47040 999796797
47055 999796159
47070 999795520
47085 999794880
47100 999794239
47115 999793597
47130 999792954
47145 999792310
47160 999791665
47175 999791019
47190 999790372
47205 999789724
47220 999789075
47235 999788425
47250 999787774
47265 999787122
47280 999786469
47295 999785815
47310 999785160
47325 999784504
47340 999783847
47355 999783189
47370 999782530
47385 999781870
47400 999781209
47415 999780547
47430 999779884
47445 999779220
47460 999778555
47475 999777889
47490 999777222
47505 999776554
47520 999775885
47535 999775215
47550 999774544
47565 999773872
47580 999773199
47595 999772525
47610 999771850
47625 999771174
47640 999770497
47655 999769819
47670 999769140
47685 999768460
47700 999767779
47715 999767097
47730 999766414
47745 999765730
47760 999765045
47775 999764359
47790 999763672
47805 999762984
47820 999762295
47835 999761605
47850 999760914
47865 999760222
47880 999759529
47895 999758835
47910 999758140
47925 999757444
47940 999756747
47955 999756049
47970 999755350
47985 999754650
48000 999753949
48015 999753247
48030 999752544
48045 999751840
48060 999751135
48075 999750429
48090 999749722
48105 999749014
48120 999748305
48135 999747595
48150 999746884
48165 999746172
48180 999745459
48195 999744745
48210 999744030
48225 999743314
48240 999742597
48255 999741879
48270 999741160
48285 999740440
48300 999739719
48315 999738997
48330 999738274
48345 999737550
48360 999736825
48375 999736099
48390 999735372
48405 999734644
48420 999733915
48435 999733185
48450 999732454
48465 999731722
48480 999730989
48495 999730255
48510 999729520
48525 999728784
48540 999728047
48555 999727309
48570 999726570
48585 999725830
48600 999725089
48615 999724347
48630 999723604
48645 999722860
48660 999722115
48675 999721369
48690 999720622
48705 999719874
48720 999719125
48735 999718375
48750 999717624
48765 999716872
48780 999716119
48795 999715365
48810 999714610
48825 999713854
48840 999713097
48855 999712339
48870 999711580
48885 999710820
48900 999710059
48915 999709297
48930 999708534
48945 999707770
48960 999707005
48975 999706239
48990 999705472
49005 999704704
49020 999703935
49035 999703165
49050 999702394
49065 999701622
49080 999700849
49095 999700075
49110 999699300
49125 999698524
49140 999697747
49155 999696969
49170 999696190
49185 999695410
49200 999694629
49215 999693847
49230 999693064
49245 999692280
49260 999691495
49275 999690709
49290 999689922
49305 999689134
49320 999688345
49335 999687555
49350 999686764
49365 999685972
49380 999685179
49395 999684385
49410 999683590
49425 999682794
49440 999681997
49455 999681199
49470 999680400
49485 999679600
49500 999678799
49515 999677997
49530 999677194
49545 999676390
49560 999675585
49575 999674779
49590 999673972
49605 999673164
49620 999672355
49635 999671545
49650 999670734
49665 999669922
49680 999669109
49695 999668295
49710 999667480
49725 999666664
49740 999665847
49755 999665029
49770 999664210
49785 999663390
49800 999662569
49815 999661747
49830 999660924
49845 999660100
49860 999659275
49875 999658449
49890 999657622
49905 999656794
49920 999655965
49935 999655135
49950 999654304
49965 999653472
49980 999652639
49995 999651805
50010 999650970
50025 999650134
50040 999649297
50055 999648459
50070 999647620
50085 999646780
50100 999645939
50115 999645097
50130 999644254
50145 999643410
50160 999642565
50175 999641719
50190 999640872
50205 999640024
50220 999639175
50235 999638325
50250 999637474
50265 999636622
50280 999635769
50295 999634915
50310 999634060
50325 999633204
50340 999632347
50355 999631489
50370 999630630
50385 999629770
50400 999628909
50415 999628047
50430 999627184
50445 999626320
50460 999625455
50475 999624589
50490 999623722
50505 999622854
50520 999621985
50535 999621115
50550 999620244
50565 999619372
50580 999618499
50595 999617625
50610 999616750
50625 999615874
50640 999614997
50655 999614119
50670 999613240
50685 999612360
50700 999611479
50715 999610597
50730 999609714
50745 999608830
50760 999607945
50775 999607059
50790 999606172
50805 999605284
50820 999604395
50835 999603505
50850 999602614
50865 999601722
50880 999600829
50895 999599935
50910 999599040
50925 999598144
50940 999597247
50955 999596349
50970 999595450
50985 999594550
51000 999593649
51015 999592747
51030 999591844
51045 999590940
51060 999590035
51075 999589129
51090 999588222
51105 999587314
51120 999586405
51135 999585495
51150 999584584
51165 999583672
51180 999582759
51195 999581845
51210 999580930
51225 999580014
51240 999579097
51255 999578179
51270 999577260
51285 999576340
51300 999575419
51315 999574497
51330 999573574
51345 999572650
51360 999571725
51375 999570799
51390 999569872
51405 999568944
51420 999568015
51435 999567085
51450 999566154
51465 999565222
51480 999564289
51495 999563355
51510 999562420
51525 999561484
51540 999560547
51555 999559609
51570 999558670
51585 999557730
51600 999556789
51615 999555847
51630 999554904
51645 999553960
51660 999553015
51675 999552069
51690 999551122
51705 999550174
51720 999549225
51735 999548275
51750 999547324
51765 999546372
51780 999545419
51795 999544465
51810 999543510
51825 999542554
51840 999541597
51855 999540639
51870 999539680
51885 999538720
51900 999537759
51915 999536797
51930 999535834
51945 999534870
51960 999533905
51975 999532939
51990 999531972
52005 999531004
52020 999530035
52035 999529065
52050 999528094
52065 999527122
52080 999526149
52095 999525175
52110 999524200
52125 999523224
52140 999522247
52155 999521269
52170 999520290
52185 999519310
52200 999518329
52215 999517347
52230 999516364
52245 999515380
52260 999514395
52275 999513409
52290 999512422
52305 999511434
52320 999510445
52335 999509455
52350 999508464
52365 999507472
52380 999506479
52395 999505485
52410 999504490
52425 999503494
52440 999502497
52455 999501499
52470 999500500
52485 999499500
52500 999498499
52515 999497497
52530 999496494
52545 999495490
52560 999494485
52575 999493479
52590 999492472
52605 999491464
52620 999490455
52635 999489445
52650 999488434
52665 999487422
52680 999486409
52695 999485395
52710 999484380
52725 999483364
52740 999482347
52755 999481329
52770 999480310
52785 999479290
52800 999478269
52815 999477247
52830 999476224
52845 999475200
52860 999474175
52875 999473149
52890 999472122
52905 999471094
52920 999470065
52935 999469035
52950 999468004
52965 999466972
52980 999465939
52995 999464905
53010 999463870
53025 999462834
53040 999461797
53055 999460759
53070 999459720
53085 999458680
53100 999457639
53115 999456597
53130 999455554
53145 999454510
53160 999453465
53175 999452419
53190 999451372
53205 999450324
53220 999449275
53235 999448225
53250 999447174
53265 999446122
53280 999445069
53295 999444015
53310 999442960
53325 999441904
53340 999440847
53355 999439789
53370 999438730
53385 999437670
53400 999436609
53415 999435547
53430 999434484
53445 999433420
53460 999432355
53475 999431289
53490 999430222
53505 999429154
53520 999428085
53535 999427015
53550 999425944
53565 999424872
53580 999423799
53595 999422725
53610 999421650
53625 999420574
53640 999419497
53655 999418419
53670 999417340
53685 999416260
53700 999415179
53715 999414097
53730 999413014
53745 999411930
53760 999410845
53775 999409759
53790 999408672
53805 999407584
53820 999406495
53835 999405405
53850 999404314
53865 999403222
53880 999402129
53895 999401035
53910 999399940
53925 999398844
53940 999397747
53955 999396649
53970 999395550
53985 999394450
54000 999393349
54015 999392247
54030 999391144
54045 999390040
54060 999388935
54075 999387829
54090 999386722
54105 999385614
54120 999384505
54135 999383395
54150 999382284
54165 999381172
54180 999380059
54195 999378945
54210 999377830
54225 999376714
54240 999375597
54255 999374479
54270 999373360
54285 999372240
54300 999371119
54315 999369997
54330 999368874
54345 999367750
54360 999366625
54375 999365499
54390 999364372
54405 999363244
54420 999362115
54435 999360985
54450 999359854
54465 999358722
54480 999357589
54495 999356455
54510 999355320
54525 999354184
54540 999353047
54555 999351909
54570 999350770
54585 999349630
54600 999348489
54615 999347347
54630 999346204
54645 999345060
54660 999343915
54675 999342769
54690 999341622
54705 999340474
54720 999339325
54735 999338175
54750 999337024
54765 999335872
54780 999334719
54795 999333565
54810 999332410
54825 999331254
54840 999330097
54855 999328939
54870 999327780
54885 999326620
54900 999325459
54915 999324297
54930 999323134
54945 999321970
54960 999320805
54975 999319639
54990 999318472
55005 999317304
55020 999316135
55035 999314965
55050 999313794
55065 999312622
55080 999311449
55095 999310275
55110 999309100
55125 999307924
55140 999306747
55155 999305569
55170 999304390
55185 999303210
55200 999302029
55215 999300847
55230 999299664
55245 999298480
55260 999297295
55275 999296109
55290 999294922
55305 999293734
55320 999292545
55335 999291355
55350 999290164
55365 999288972
55380 999287779
55395 999286585
55410 999285390
55425 999284194
55440 999282997
55455 999281799
55470 999280600
55485 999279400
55500 999278199
55515 999276997
55530 999275794
55545 999274590
55560 999273385
55575 999272179
55590 999270972
55605 999269764
55620 999268555
55635 999267345
55650 999266134
55665 999264922
55680 999263709
55695 999262495
55710 999261280
55725 999260064
55740 999258847
55755 999257629
55770 999256410
55785 999255190
55800 999253969
55815 999252747
55830 999251524
55845 999250300
55860 999249075
55875 999247849
55890 999246622
55905 999245394
55920 999244165
55935 999242935
55950 999241704
55965 999240472
55980 999239239
55995 999238005
56010 999236770
56025 999235534
56040 999234297
56055 999233059
56070 999231820
56085 999230580
56100 999229339
56115 999228097
56130 999226854
56145 999225610
56160 999224365
56175 999223119
56190 999221872
56205 999220624
56220 999219375
56235 999218125
56250 999216874
56265 999215622
56280 999214369
56295 999213115
56310 999211860
56325 999210604
56340 999209347
56355 999208089
56370 999206830
56385 999205570
56400 999204309
56415 999203047
56430 999201784
56445 999200520
56460 999199255
56475 999197989
56490 999196722
56505 999195454
56520 999194185
56535 999192915
56550 999191644
56565 999190372
56580 999189099
56595 999187825
56610 999186550
56625 999185274
56640 999183997
56655 999182719
56670 999181440
56685 999180160
56700 999178879
56715 999177597
56730 999176314
56745 999175030
56760 999173745
56775 999172459
56790 999171172
56805 999169884
56820 999168595
56835 999167305
56850 999166014
56865 999164722
56880 999163429
56895 999162135
56910 999160840
56925 999159544
56940 999158247
56955 999156949
56970 999155650
56985 999154350
57000 999153049
57015 999151747
57030 999150444
57045 999149140
57060 999147835
57075 999146529
57090 999145222
57105 999143914
57120 999142605
57135 999141295
57150 999139984
57165 999138672
57180 999137359
57195 999136045
57210 999134730
57225 999133414
57240 999132097
57255 999130779
57270 999129460
57285 999128140
57300 999126819
57315 999125497
57330 999124174
57345 999122850
57360 999121525
57375 999120199
57390 999118872
57405 999117544
57420 999116215
57435 999114885
57450 999113554
57465 999112222
57480 999110889
57495 999109555
57510 999108220
57525 999106884
57540 999105547
57555 999104209
57570 999102870
57585 999101530
57600 999100189
57615 999098847
57630 999097504
57645 999096160
57660 999094815
57675 999093469
57690 999092122
57705 999090774
57720 999089425
57735 999088075
57750 999086724
57765 999085372
57780 999084019
57795 999082665
57810 999081310
57825 999079954
57840 999078597
57855 999077239
57870 999075880
57885 999074520
57900 999073159
57915 999071797
57930 999070434
57945 999069070
57960 999067705
57975 999066339
57990 999064972
58005 999063604
58020 999062235
58035 999060865
58050 999059494
58065 999058122
58080 999056749
58095 999055375
58110 999054000
58125 999052624
58140 999051247
58155 999049869
58170 999048490
58185 999047110
58200 999045729
58215 999044347
58230 999042964
58245 999041580
58260 999040195
58275 999038809
58290 999037422
58305 999036034
58320 999034645
58335 999033255
58350 999031864
58365 999030472
58380 999029079
58395 999027685
58410 999026290
58425 999024894
58440 999023497
58455 999022099
58470 999020700
58485 999019300
58500 999017899
58515 999016497
58530 999015094
58545 999013690
58560 999012285
58575 999010879
58590 999009472
58605 999008064
58620 999006655
58635 999005245
58650 999003834
58665 999002422
58680 999001009
58695 998999595
58710 998998180
58725 998996764
58740 998995347
58755 998993929
58770 998992510
58785 998991090
58800 998989669
58815 998988247
58830 998986824
58845 998985400
58860 998983975
58875 998982549
58890 998981122
58905 998979694
58920 998978265
58935 998976835
58950 998975404
58965 998973972
58980 998972539
58995 998971105
59010 998969670
59025 998968234
59040 998966797
59055 998965359
59070 998963920
59085 998962480
59100 998961039
59115 998959597
59130 998958154
59145 998956710
59160 998955265
59175 998953819
59190 998952372
59205 998950924
59220 998949475
59235 998948025
59250 998946574
59265 998945122
59280 998943669
59295 998942215
59310 998940760
59325 998939304
59340 998937847
59355 998936389
59370 998934930
59385 998933470
59400 998932009
59415 998930547
59430 998929084
59445 998927620
59460 998926155
59475 998924689
59490 998923222
59505 998921754
59520 998920285
59535 998918815
59550 998917344
59565 998915872
59580 998914399
59595 998912925
59610 998911450
59625 998909974
59640 998908497
59655 998907019
59670 998905540
59685 998904060
59700 998902579
59715 998901097
59730 998899614
59745 998898130
59760 998896645
59775 998895159
59790 998893672
59805 998892184
59820 998890695
59835 998889205
59850 998887714
59865 998886222
59880 998884729
59895 998883235
59910 998881740
59925 998880244
59940 998878747
59955 998877249
59970 998875750
59985 998874250
60000 998872749
60015 998871247
60030 998869744
60045 998868240
60060 998866735
60075 998865229
60090 998863722
60105 998862214
60120 998860705
60135 998859195
60150 998857684
60165 998856172
60180 998854659
60195 998853145
60210 998851630
60225 998850114
60240 998848597
60255 998847079
60270 998845560
60285 998844040
60300 998842519
60315 998840997
60330 998839474
60345 998837950
60360 998836425
60375 998834899
60390 998833372
60405 998831844
60420 998830315
60435 998828785
60450 998827254
60465 998825722
60480 998824189
60495 998822655
60510 998821120
60525 998819584
60540 998818047
60555 998816509
60570 998814970
60585 998813430
60600 998811889
60615 998810347
60630 998808804
60645 998807260
60660 998805715
60675 998804169
60690 998802622
60705 998801074
60720 998799525
60735 998797975
60750 998796424
60765 998794872
60780 998793319
60795 998791765
60810 998790210
60825 998788654
60840 998787097
60855 998785539
60870 998783980
60885 998782420
60900 998780859
60915 998779297
60930 998777734
60945 998776170
60960 998774605
60975 998773039
60990 998771472
61005 998769904
61020 998768335
61035 998766765
61050 998765194
61065 998763622
61080 998762049
61095 998760475
61110 998758900
61125 998757324
61140 998755747
61155 998754169
61170 998752590
61185 998751010
61200 998749429
61215 998747847
61230 998746264
61245 998744680
61260 998743095
61275 998741509
61290 998739922
61305 998738334
61320 998736745
61335 998735155
61350 998733564
61365 998731972
61380 998730379
61395 998728785
61410 998727190
61425 998725594
61440 998723997
61455 998722399
61470 998720800
61485 998719200
61500 998717599
61515 998715997
61530 998714394
61545 998712790
61560 998711185
61575 998709579
61590 998707972
61605 998706364
61620 998704755
61635 998703145
61650 998701534
61665 998699922
61680 998698309
61695 998696695
61710 998695080
61725 998693464
61740 998691847
61755 998690229
61770 998688610
61785 998686990
61800 998685369
61815 998683747
61830 998682124
61845 998680500
61860 998678875
61875 998677249
61890 998675622
61905 998673994
61920 998672365
61935 998670735
61950 998669104
61965 998667472
61980 998665839
61995 998664205
62010 998662570
62025 998660934
62040 998659297
62055 998657659
62070 998656020
62085 998654380
62100 998652739
62115 998651097
62130 998649454
62145 998647810
62160 998646165
62175 998644519
62190 998642872
62205 998641224
62220 998639575
62235 998637925
62250 998636274
62265 998634622
62280 998632969
62295 998631315
62310 998629660
62325 998628004
62340 998626347
62355 998624689
62370 998623030
62385 998621370
62400 998619709
62415 998618047
62430 998616384
62445 998614720
62460 998613055
62475 998611389
62490 998609722
62505 998608054
62520 998606385
62535 998604715
62550 998603044
62565 998601372
62580 998599699
62595 998598025
62610 998596350
62625 998594674
62640 998592997
62655 998591319
62670 998589640
62685 998587960
62700 998586279
62715 998584597
62730 998582914
62745 998581230
62760 998579545
62775 998577859
62790 998576172
62805 998574484
62820 998572795
62835 998571105
62850 998569414
62865 998567722
62880 998566029
62895 998564335
62910 998562640
62925 998560944
62940 998559247
62955 998557549
62970 998555850
62985 998554150
63000 998552449
63015 998550747
63030 998549044
63045 998547340
63060 998545635
63075 998543929
63090 998542222
63105 998540514
63120 998538805
63135 998537095
63150 998535384
63165 998533672
63180 998531959
63195 998530245
63210 998528530
63225 998526814
63240 998525097
63255 998523379
63270 998521660
63285 998519940
63300 998518219
63315 998516497
63330 998514774
63345 998513050
63360 998511325
63375 998509599
63390 998507872
63405 998506144
63420 998504415
63435 998502685
63450 998500954
63465 998499222
63480 998497489
63495 998495755
63510 998494020
63525 998492284
63540 998490547
63555 998488809
63570 998487070
63585 998485330
63600 998483589
63615 998481847
63630 998480104
63645 998478360
63660 998476615
63675 998474869
63690 998473122
63705 998471374
63720 998469625
63735 998467875
63750 998466124
63765 998464372
63780 998462619
63795 998460865
63810 998459110
63825 998457354
63840 998455597
63855 998453839
63870 998452080
63885 998450320
63900 998448559
63915 998446797
63930 998445034
63945 998443270
63960 998441505
63975 998439739
63990 998437972
64005 998436204
64020 998434435
64035 998432665
64050 998430894
64065 998429122
64080 998427349
64095 998425575
64110 998423800
64125 998422024
64140 998420247
64155 998418469
64170 998416690
64185 998414910
64200 998413129
64215 998411347
64230 998409564
64245 998407780
64260 998405995
64275 998404209
64290 998402422
64305 998400634
64320 998398845
64335 998397055
64350 998395264
64365 998393472
64380 998391679
64395 998389885
64410 998388090
64425 998386294
64440 998384497
64455 998382699
64470 998380900
64485 998379100
64500 998377299
64515 998375497
64530 998373694
64545 998371890
64560 998370085
64575 998368279
64590 998366472
64605 998364664
64620 998362855
64635 998361045
64650 998359234
64665 998357422
64680 998355609
64695 998353795
64710 998351980
64725 998350164
64740 998348347
64755 998346529
64770 998344710
64785 998342890
64800 998341069
64815 998339247
64830 998337424
64845 998335600
64860 998333775
64875 998331949
64890 998330122
64905 998328294
64920 998326465
64935 998324635
64950 998322804
64965 998320972
64980 998319139
64995 998317305
65010 998315470
65025 998313634
65040 998311797
65055 998309959
65070 998308120
65085 998306280
65100 998304439
65115 998302597
65130 998300754
65145 998298910
65160 998297065
65175 998295219
65190 998293372
65205 998291524
65220 998289675
65235 998287825
65250 998285974
65265 998284122
65280 998282269
65295 998280415
65310 998278560
65325 998276704
65340 998274847
65355 998272989
65370 998271130
65385 998269270
65400 998267409
65415 998265547
65430 998263684
65445 998261820
65460 998259955
65475 998258089
65490 998256222
65505 998254354
65520 998252485
65535 998250615
65550 998248744
65565 998246872
65580 998244999
65595 998243125
65610 998241250
65625 998239374
65640 998237497
65655 998235619
65670 998233740
65685 998231860
65700 998229979
65715 998228097
65730 998226214
65745 998224330
65760 998222445
65775 998220559
65790 998218672
65805 998216784
65820 998214895
65835 998213005
65850 998211114
65865 998209222
65880 998207329
65895 998205435
65910 998203540
65925 998201644
65940 998199747
65955 998197849
65970 998195950
65985 998194050
66000 998192149
66015 998190247
66030 998188344
66045 998186440
66060 998184535
66075 998182629
66090 998180722
66105 998178814
66120 998176905
66135 998174995
66150 998173084
66165 998171172
66180 998169259
66195 998167345
66210 998165430
66225 998163514
66240 998161597
66255 998159679
66270 998157760
66285 998155840
66300 998153919
66315 998151997
66330 998150074
66345 998148150
66360 998146225
66375 998144299
66390 998142372
66405 998140444
66420 998138515
66435 998136585
66450 998134654
66465 998132722
66480 998130789
66495 998128855
66510 998126920
66525 998124984
66540 998123047
66555 998121109
66570 998119170
66585 998117230
66600 998115289
66615 998113347
66630 998111404
66645 998109460
66660 998107515
66675 998105569
66690 998103622
66705 998101674
66720 998099725
66735 998097775
66750 998095824
66765 998093872
66780 998091919
66795 998089965
66810 998088010
66825 998086054
66840 998084097
66855 998082139
66870 998080180
66885 998078220
66900 998076259
66915 998074297
66930 998072334
66945 998070370
66960 998068405
66975 998066439
66990 998064472
67005 998062504
67020 998060535
67035 998058565
67050 998056594
67065 998054622
67080 998052649
67095 998050675
67110 998048700
67125 998046724
67140 998044747
67155 998042769
67170 998040790
67185 998038810
67200 998036829
67215 998034847
67230 998032864
67245 998030880
67260 998028895
67275 998026909
67290 998024922
67305 998022934
67320 998020945
67335 998018955
67350 998016964
67365 998014972
67380 998012979
67395 998010985
67410 998008990
67425 998006994
67440 998004997
67455 998002999
67470 998001000
67485 997999000
67500 997996999
67515 997994997
67530 997992994
67545 997990990
67560 997988985
67575 997986979
67590 997984972
67605 997982964
67620 997980955
67635 997978945
67650 997976934
67665 997974922
67680 997972909
67695 997970895
67710 997968880
67725 997966864
67740 997964847
67755 997962829
67770 997960810
67785 997958790
67800 997956769
67815 997954747
67830 997952724
67845 997950700
67860 997948675
67875 997946649
67890 997944622
67905 997942594
67920 997940565
67935 997938535
67950 997936504
67965 997934472
67980 997932439
67995 997930405
68010 997928370
68025 997926334
68040 997924297
68055 997922259
68070 997920220
68085 997918180
68100 997916139
68115 997914097
68130 997912054
68145 997910010
68160 997907965
68175 997905919
68190 997903872
68205 997901824
68220 997899775
68235 997897725
68250 997895674
68265 997893622
68280 997891569
68295 997889515
68310 997887460
68325 997885404
68340 997883347
68355 997881289
68370 997879230
68385 997877170
68400 997875109
68415 997873047
68430 997870984
68445 997868920
68460 997866855
68475 997864789
68490 997862722
68505 997860654
68520 997858585
68535 997856515
68550 997854444
68565 997852372
68580 997850299
68595 997848225
68610 997846150
68625 997844074
68640 997841997
68655 997839919
68670 997837840
68685 997835760
68700 997833679
68715 997831597
68730 997829514
68745 997827430
68760 997825345
68775 997823259
68790 997821172
68805 997819084
68820 997816995
68835 997814905
68850 997812814
68865 997810722
68880 997808629
68895 997806535
68910 997804440
68925 997802344
68940 997800247
68955 997798149
68970 997796050
68985 997793950
69000 997791849
69015 997789747
69030 997787644
69045 997785540
69060 997783435
69075 997781329
69090 997779222
69105 997777114
69120 997775005
69135 997772895
69150 997770784
69165 997768672
69180 997766559
69195 997764445
69210 997762330
69225 997760214
69240 997758097
69255 997755979
69270 997753860
69285 997751740
69300 997749619
69315 997747497
69330 997745374
69345 997743250
69360 997741125
69375 997738999
69390 997736872
69405 997734744
69420 997732615
69435 997730485
69450 997728354
69465 997726222
69480 997724089
69495 997721955
69510 997719820
69525 997717684
69540 997715547
69555 997713409
69570 997711270
69585 997709130
69600 997706989
69615 997704847
69630 997702704
69645 997700560
69660 997698415
69675 997696269
69690 997694122
69705 997691974
69720 997689825
69735 997687675
69750 997685524
69765 997683372
69780 997681219
69795 997679065
69810 997676910
69825 997674754
69840 997672597
69855 997670439
69870 997668280
69885 997666120
69900 997663959
69915 997661797
69930 997659634
69945 997657470
69960 997655305
69975 997653139
69990 997650972
70005 997648804
70020 997646635
70035 997644465
70050 997642294
70065 997640122
70080 997637949
70095 997635775
70110 997633600
70125 997631424
70140 997629247
70155 997627069
70170 997624890
70185 997622710
70200 997620529
70215 997618347
70230 997616164
70245 997613980
70260 997611795
70275 997609609
70290 997607422
70305 997605234
70320 997603045
70335 997600855
70350 997598664
70365 997596472
70380 997594279
70395 997592085
70410 997589890
70425 997587694
70440 997585497
70455 997583299
70470 997581100
70485 997578900
70500 997576699
70515 997574497
70530 997572294
70545 997570090
70560 997567885
70575 997565679
70590 997563472
70605 997561264
70620 997559055
70635 997556845
70650 997554634
70665 997552422
70680 997550209
70695 997547995
70710 997545780
70725 997543564
70740 997541347
70755 997539129
70770 997536910
70785 997534690
70800 997532469
70815 997530247
70830 997528024
70845 997525800
70860 997523575
70875 997521349
70890 997519122
70905 997516894
70920 997514665
70935 997512435
70950 997510204
70965 997507972
70980 997505739
70995 997503505
71010 997501270
71025 997499034
71040 997496797
71055 997494559
71070 997492320
71085 997490080
71100 997487839
71115 997485597
71130 997483354
71145 997481110
71160 997478865
71175 997476619
71190 997474372
71205 997472124
71220 997469875
71235 997467625
71250 997465374
71265 997463122
71280 997460869
71295 997458615
71310 997456360
71325 997454104
71340 997451847
71355 997449589
71370 997447330
71385 997445070
71400 997442809
71415 997440547
71430 997438284
71445 997436020
71460 997433755
71475 997431489
71490 997429222
71505 997426954
71520 997424685
71535 997422415
71550 997420144
71565 997417872
71580 997415599
71595 997413325
71610 997411050
71625 997408774
71640 997406497
71655 997404219
71670 997401940
71685 997399660
71700 997397379
71715 997395097
71730 997392814
71745 997390530
71760 997388245
71775 997385959
71790 997383672
71805 997381384
71820 997379095
71835 997376805
71850 997374514
71865 997372222
71880 997369929
71895 997367635
71910 997365340
71925 997363044
71940 997360747
71955 997358449
71970 997356150
71985 997353850
72000 997351549
72015 997349247
72030 997346944
72045 997344640
72060 997342335
72075 997340029
72090 997337722
72105 997335414
72120 997333105
72135 997330795
72150 997328484
72165 997326172
72180 997323859
72195 997321545
72210 997319230
72225 997316914
72240 997314597
72255 997312279
72270 997309960
72285 997307640
72300 997305319
72315 997302997
72330 997300674
72345 997298350
72360 997296025
72375 997293699
72390 997291372
72405 997289044
72420 997286715
72435 997284385
72450 997282054
72465 997279722
72480 997277389
72495 997275055
72510 997272720
72525 997270384
72540 997268047
72555 997265709
72570 997263370
72585 997261030
72600 997258689
72615 997256347
72630 997254004
72645 997251660
72660 997249315
72675 997246969
72690 997244622
72705 997242274
72720 997239925
72735 997237575
72750 997235224
72765 997232872
72780 997230519
72795 997228165
72810 997225810
72825 997223454
72840 997221097
72855 997218739
72870 997216380
72885 997214020
72900 997211659
72915 997209297
72930 997206934
72945 997204570
72960 997202205
72975 997199839
72990 997197472
73005 997195104
73020 997192735
73035 997190365
73050 997187994
73065 997185622
73080 997183249
73095 997180875
73110 997178500
73125 997176124
73140 997173747
73155 997171369
73170 997168990
73185 997166610
73200 997164229
73215 997161847
73230 997159464
73245 997157080
73260 997154695
73275 997152309
73290 997149922
73305 997147534
73320 997145145
73335 997142755
73350 997140364
73365 997137972
73380 997135579
73395 997133185
73410 997130790
73425 997128394
73440 997125997
73455 997123599
73470 997121200
73485 997118800
73500 997116399
73515 997113997
73530 997111594
73545 997109190
73560 997106785
73575 997104379
73590 997101972
73605 997099564
73620 997097155
73635 997094745
73650 997092334
73665 997089922
73680 997087509
73695 997085095
73710 997082680
73725 997080264
73740 997077847
73755 997075429
73770 997073010
73785 997070590
73800 997068169
73815 997065747
73830 997063324
73845 997060900
73860 997058475
73875 997056049
73890 997053622
73905 997051194
73920 997048765
73935 997046335
73950 997043904
73965 997041472
73980 997039039
73995 997036605
74010 997034170
74025 997031734
74040 997029297
74055 997026859
74070 997024420
74085 997021980
74100 997019539
74115 997017097
74130 997014654
74145 997012210
74160 997009765
74175 997007319
74190 997004872
74205 997002424
74220 996999975
74235 996997525
74250 996995074
74265 996992622
74280 996990169
74295 996987715
74310 996985260
74325 996982804
74340 996980347
74355 996977889
74370 996975430
74385 996972970
74400 996970509
74415 996968047
74430 996965584
74445 996963120
74460 996960655
74475 996958189
74490 996955722
74505 996953254
74520 996950785
74535 996948315
74550 996945844
74565 996943372
74580 996940899
74595 996938425
74610 996935950
74625 996933474
74640 996930997
74655 996928519
74670 996926040
74685 996923560
74700 996921079
74715 996918597
74730 996916114
74745 996913630
74760 996911145
74775 996908659
74790 996906172
74805 996903684
74820 996901195
74835 996898705
74850 996896214
74865 996893722
74880 996891229
74895 996888735
74910 996886240
74925 996883744
74940 996881247
74955 996878749
74970 996876250
