10000
0 100
10 100
20 100
30 100
40 100
50 100
60 100
70 100
80 100
90 100
100 100
110 100
120 100
130 100
140 100
150 100
160 100
170 100
180 100
190 100
200 100
210 100
220 100
230 100
240 100
250 100
260 100
270 100
280 100
290 100
300 100
310 100
320 100
330 100
340 100
350 100
360 100
370 100
380 100
390 100
400 100
410 100
420 100
430 100
440 100
450 100
460 100
470 100
480 100
490 100
500 100
510 100
520 100
530 100
540 100
550 100
560 100
570 100
580 100
590 100
600 100
610 100
620 100
630 100
640 100
650 100
660 100
670 100
680 100
690 100
700 100
710 100
720 100
730 100
740 100
750 100
760 100
770 100
780 100
790 100
800 100
810 100
820 100
830 100
840 100
850 100
860 100
870 100
880 100
890 100
900 100
910 100
920 100
930 100
940 100
950 100
960 100
970 100
980 100
990 100
1000 100
1010 100
1020 100
1030 100
1040 100
1050 100
1060 100
1070 100
1080 100
1090 100
1100 100
1110 100
1120 100
1130 100
1140 100
1150 100
1160 100
1170 100
1180 100
1190 100
1200 100
1210 100
1220 100
1230 100
1240 100
1250 100
1260 100
1270 100
1280 100
1290 100
1300 100
1310 100
1320 100
1330 100
1340 100
1350 100
1360 100
1370 100
1380 100
1390 100
1400 100
1410 100
1420 100
1430 100
1440 100
1450 100
1460 100
1470 100
1480 100
1490 100
1500 100
1510 100
1520 100
1530 100
1540 100
1550 100
1560 100
1570 100
1580 100
1590 100
1600 100
1610 100
1620 100
1630 100
1640 100
1650 100
1660 100
1670 100
1680 100
1690 100
1700 100
1710 100
1720 100
1730 100
1740 100
1750 100
1760 100
1770 100
1780 100
1790 100
1800 100
1810 100
1820 100
1830 100
1840 100
1850 100
1860 100
1870 100
1880 100
1890 100
1900 100
1910 100
1920 100
1930 100
1940 100
1950 100
1960 100
1970 100
1980 100
1990 100
2000 100
2010 100
2020 100
2030 100
2040 100
2050 100
2060 100
2070 100
2080 100
2090 100
2100 100
2110 100
2120 100
2130 100
2140 100
2150 100
2160 100
2170 100
2180 100
2190 100
2200 100
2210 100
2220 100
2230 100
2240 100
2250 100
2260 100
2270 100
2280 100
2290 100
2300 100
2310 100
2320 100
2330 100
2340 100
2350 100
2360 100
2370 100
2380 100
2390 100
2400 100
2410 100
2420 100
2430 100
2440 100
2450 100
2460 100
2470 100
2480 100
2490 100
2500 100
2510 100
2520 100
2530 100
2540 100
2550 100
2560 100
2570 100
2580 100
2590 100
2600 100
2610 100
2620 100
2630 100
2640 100
2650 100
2660 100
2670 100
2680 100
2690 100
2700 100
2710 100
2720 100
2730 100
2740 100
2750 100
2760 100
2770 100
2780 100
2790 100
2800 100
2810 100
2820 100
2830 100
2840 100
2850 100
2860 100
2870 100
2880 100
2890 100
2900 100
2910 100
2920 100
2930 100
2940 100
2950 100
2960 100
2970 100
2980 100
2990 100
3000 100
3010 100
3020 100
3030 100
3040 100
3050 100
3060 100
3070 100
3080 100
3090 100
3100 100
3110 100
3120 100
3130 100
3140 100
3150 100
3160 100
3170 100
3180 100
3190 100
3200 100
3210 100
3220 100
3230 100
3240 100
3250 100
3260 100
3270 100
3280 100
3290 100
3300 100
3310 100
3320 100
3330 100
3340 100
3350 100
3360 100
3370 100
3380 100
3390 100
3400 100
3410 100
3420 100
3430 100
3440 100
3450 100
3460 100
3470 100
3480 100
3490 100
3500 100
3510 100
3520 100
3530 100
3540 100
3550 100
3560 100
3570 100
3580 100
3590 100
3600 100
3610 100
3620 100
3630 100
3640 100
3650 100
3660 100
3670 100
3680 100
3690 100
3700 100
3710 100
3720 100
3730 100
3740 100
3750 100
3760 100
3770 100
3780 100
3790 100
3800 100
3810 100
3820 100
3830 100
3840 100
3850 100
3860 100
3870 100
3880 100
3890 100
3900 100
3910 100
3920 100
3930 100
3940 100
3950 100
3960 100
3970 100
3980 100
3990 100
4000 100
4010 100
4020 100
4030 100
4040 100
4050 100
4060 100
4070 100
4080 100
4090 100
4100 100
4110 100
4120 100
4130 100
4140 100
4150 100
4160 100
4170 100
4180 100
4190 100
4200 100
4210 100
4220 100
4230 100
4240 100
4250 100
4260 100
4270 100
4280 100
4290 100
4300 100
4310 100
4320 100
4330 100
4340 100
4350 100
4360 100
4370 100
4380 100
4390 100
4400 100
4410 100
4420 100
4430 100
4440 1000000000
4450 100
4460 100
4470 100
4480 100
4490 100
4500 100
4510 100
4520 100
4530 100
4540 100
4550 100
4560 100
4570 100
4580 100
4590 100
4600 100
4610 100
4620 100
4630 100
4640 100
4650 100
4660 100
4670 100
4680 100
4690 100
4700 100
4710 100
4720 100
4730 100
4740 100
4750 100
4760 100
4770 100
4780 100
4790 100
4800 100
4810 100
4820 100
4830 100
4840 100
4850 100
4860 100
4870 100
4880 100
4890 100
4900 100
4910 100
4920 100
4930 100
4940 100
4950 100
4960 100
4970 100
4980 100
4990 100
5000 100
5010 100
5020 100
5030 100
5040 100
5050 100
5060 100
5070 100
5080 100
5090 100
5100 100
5110 100
5120 100
5130 100
5140 100
5150 100
5160 100
5170 100
5180 100
5190 100
5200 100
5210 100
5220 100
5230 100
5240 100
5250 100
5260 100
5270 100
5280 100
5290 100
5300 100
5310 100
5320 100
5330 100
5340 100
5350 100
5360 100
5370 100
5380 100
5390 100
5400 100
5410 100
5420 100
5430 100
5440 100
5450 100
5460 100
5470 100
5480 100
5490 100
5500 100
5510 100
5520 100
5530 100
5540 100
5550 100
5560 100
5570 100
5580 100
5590 100
5600 100
5610 100
5620 100
5630 100
5640 100
5650 100
5660 100
5670 100
5680 100
5690 100
5700 100
5710 100
5720 100
5730 100
5740 100
5750 100
5760 100
5770 100
5780 100
5790 100
5800 100
5810 100
5820 100
5830 100
5840 100
5850 100
5860 100
5870 100
5880 100
5890 100
5900 100
5910 100
5920 100
5930 100
5940 100
5950 100
5960 100
5970 100
5980 100
5990 100
6000 100
6010 100
6020 100
6030 100
6040 100
6050 100
6060 100
6070 100
6080 100
6090 100
6100 100
6110 100
6120 100
6130 100
6140 100
6150 100
6160 100
6170 100
6180 100
6190 100
6200 100
6210 100
6220 100
6230 100
6240 100
6250 100
6260 100
6270 100
6280 100
6290 100
6300 100
6310 100
6320 100
6330 100
6340 100
6350 100
6360 100
6370 100
6380 100
6390 100
6400 100
6410 100
6420 100
6430 100
6440 100
6450 100
6460 100
6470 100
6480 100
6490 100
6500 100
6510 100
6520 100
6530 100
6540 100
6550 100
6560 100
6570 100
6580 100
6590 100
6600 100
6610 100
6620 100
6630 100
6640 100
6650 100
6660 100
6670 100
6680 100
6690 100
6700 100
6710 100
6720 100
6730 100
6740 100
6750 100
6760 100
6770 100
6780 100
6790 100
6800 100
6810 100
6820 100
6830 100
6840 100
6850 100
6860 100
6870 100
6880 100
6890 100
6900 100
6910 100
6920 100
6930 100
6940 100
6950 100
6960 100
6970 100
6980 100
6990 100
7000 100
7010 100
7020 100
7030 100
7040 100
7050 100
7060 100
7070 100
7080 100
7090 100
7100 100
7110 100
7120 100
7130 100
7140 100
7150 100
7160 100
7170 100
7180 100
7190 100
7200 100
7210 100
7220 100
7230 100
7240 100
7250 100
7260 100
7270 100
7280 100
7290 100
7300 100
7310 100
7320 100
7330 100
7340 100
7350 100
7360 100
7370 100
7380 100
7390 100
7400 100
7410 100
7420 100
7430 100
7440 100
7450 100
7460 100
7470 100
7480 100
7490 100
7500 100
7510 100
7520 100
7530 100
7540 100
7550 100
7560 100
7570 100
7580 100
7590 100
7600 100
7610 100
7620 100
7630 100
7640 100
7650 100
7660 100
7670 100
7680 100
7690 100
7700 100
7710 100
7720 100
7730 100
7740 100
7750 100
7760 100
7770 100
7780 100
7790 100
7800 100
7810 100
7820 100
7830 100
7840 100
7850 100
7860 100
7870 100
7880 100
7890 100
7900 100
7910 100
7920 100
7930 100
7940 100
7950 100
7960 100
7970 100
7980 100
7990 100
8000 100
8010 100
8020 100
8030 100
8040 100
8050 100
8060 100
8070 100
8080 100
8090 100
8100 100
8110 100
8120 100
8130 100
8140 100
8150 100
8160 100
8170 100
8180 100
8190 100
8200 100
8210 100
8220 100
8230 100
8240 100
8250 100
8260 100
8270 100
8280 100
8290 100
8300 100
8310 100
8320 100
8330 100
8340 100
8350 100
8360 100
8370 100
8380 100
8390 100
8400 100
8410 100
8420 100
8430 100
8440 100
8450 100
8460 100
8470 100
8480 100
8490 100
8500 100
8510 100
8520 100
8530 100
8540 100
8550 100
8560 100
8570 100
8580 100
8590 100
8600 100
8610 100
8620 100
8630 100
8640 100
8650 100
8660 100
8670 100
8680 100
8690 100
8700 100
8710 100
8720 100
8730 100
8740 100
8750 100
8760 100
8770 100
8780 100
8790 100
8800 100
8810 100
8820 100
8830 100
8840 100
8850 100
8860 100
8870 100
8880 100
8890 100
8900 100
8910 100
8920 100
8930 100
8940 100
8950 100
8960 100
8970 100
8980 100
8990 100
9000 100
9010 100
9020 100
9030 100
9040 100
9050 100
9060 100
9070 100
9080 100
9090 100
9100 100
9110 100
9120 100
9130 100
9140 100
9150 100
9160 100
9170 100
9180 100
9190 100
9200 100
9210 100
9220 100
9230 100
9240 100
9250 100
9260 100
9270 100
9280 100
9290 100
9300 100
9310 100
9320 100
9330 100
9340 100
9350 100
9360 100
9370 100
9380 100
9390 100
9400 100
9410 100
9420 100
9430 100
9440 100
9450 100
9460 100
9470 100
9480 100
9490 100
9500 100
9510 100
9520 100
9530 100
9540 100
9550 100
9560 100
9570 100
9580 100
9590 100
9600 100
9610 100
9620 100
9630 100
9640 100
9650 100
9660 100
9670 100
9680 100
9690 100
9700 100
9710 100
9720 100
9730 100
9740 100
9750 100
9760 100
9770 100
9780 100
9790 100
9800 100
9810 100
9820 100
9830 100
9840 100
9850 100
9860 100
9870 100
9880 100
9890 100
9900 100
9910 100
9920 100
9930 100
9940 100
9950 100
9960 100
9970 100
9980 100
9990 100
10000 100
10010 100
10020 100
10030 100
10040 100
10050 100
10060 100
10070 100
10080 100
10090 100
10100 100
10110 100
10120 100
10130 100
10140 100
10150 100
10160 100
10170 100
10180 100
10190 100
10200 100
10210 100
10220 100
10230 100
10240 100
10250 100
10260 100
10270 100
10280 100
10290 100
10300 100
10310 100
10320 100
10330 100
10340 100
10350 100
10360 100
10370 100
10380 100
10390 100
10400 100
10410 100
10420 100
10430 100
10440 100
10450 100
10460 100
10470 100
10480 100
10490 100
10500 100
10510 100
10520 100
10530 100
10540 100
10550 100
10560 100
10570 100
10580 100
10590 100
10600 100
10610 100
10620 100
10630 100
10640 100
10650 100
10660 100
10670 100
10680 100
10690 100
10700 100
10710 100
10720 100
10730 100
10740 100
10750 100
10760 100
10770 100
10780 100
10790 100
10800 100
10810 100
10820 100
10830 100
10840 100
10850 100
10860 100
10870 100
10880 100
10890 100
10900 100
10910 100
10920 100
10930 100
10940 100
10950 100
10960 100
10970 100
10980 100
10990 100
11000 100
11010 100
11020 100
11030 100
11040 100
11050 100
11060 100
11070 100
11080 100
11090 100
11100 100
11110 100
11120 100
11130 100
11140 100
11150 100
11160 100
11170 100
11180 100
11190 100
11200 100
11210 100
11220 100
11230 100
11240 100
11250 100
11260 100
11270 100
11280 100
11290 100
11300 100
11310 100
11320 100
11330 100
11340 100
11350 100
11360 100
11370 100
11380 100
11390 100
11400 100
11410 100
11420 100
11430 100
11440 100
11450 100
11460 100
11470 100
11480 100
11490 100
11500 100
11510 100
11520 100
11530 100
11540 100
11550 100
11560 100
11570 100
11580 100
11590 100
11600 100
11610 100
11620 100
11630 100
11640 100
11650 100
11660 100
11670 100
11680 100
11690 100
11700 100
11710 100
11720 100
11730 100
11740 100
11750 100
11760 100
11770 100
11780 100
11790 100
11800 100
11810 100
11820 100
11830 100
11840 100
11850 100
11860 100
11870 100
11880 100
11890 100
11900 100
11910 100
11920 100
11930 100
11940 100
11950 100
11960 100
11970 100
11980 100
11990 100
12000 100
12010 100
12020 100
12030 100
12040 100
12050 100
12060 100
12070 100
12080 100
12090 100
12100 100
12110 100
12120 100
12130 100
12140 100
12150 100
12160 100
12170 100
12180 100
12190 100
12200 100
12210 100
12220 100
12230 100
12240 100
12250 100
12260 100
12270 100
12280 100
12290 100
12300 100
12310 100
12320 100
12330 100
12340 100
12350 100
12360 100
12370 100
12380 100
12390 100
12400 100
12410 100
12420 100
12430 100
12440 100
12450 100
12460 100
12470 100
12480 100
12490 100
12500 100
12510 100
12520 100
12530 100
12540 100
12550 100
12560 100
12570 100
12580 100
12590 100
12600 100
12610 100
12620 100
12630 100
12640 100
12650 100
12660 100
12670 100
12680 100
12690 100
12700 100
12710 100
12720 100
12730 100
12740 100
12750 100
12760 100
12770 100
12780 100
12790 100
12800 100
12810 100
12820 100
12830 100
12840 100
12850 100
12860 100
12870 100
12880 100
12890 100
12900 100
12910 100
12920 100
12930 100
12940 100
12950 100
12960 100
12970 100
12980 100
12990 100
13000 100
13010 100
13020 100
13030 100
13040 100
13050 100
13060 100
13070 100
13080 100
13090 100
13100 100
13110 100
13120 100
13130 100
13140 100
13150 100
13160 100
13170 100
13180 100
13190 100
13200 100
13210 100
13220 100
13230 100
13240 100
13250 100
13260 100
13270 100
13280 100
13290 100
13300 100
13310 100
13320 100
13330 100
13340 100
13350 100
13360 100
13370 100
13380 100
13390 100
13400 100
13410 100
13420 100
13430 100
13440 100
13450 100
13460 100
13470 100
13480 100
13490 100
13500 100
13510 100
13520 100
13530 100
13540 100
13550 100
13560 100
13570 100
13580 100
13590 100
13600 100
13610 100
13620 100
13630 100
13640 100
13650 100
13660 100
13670 100
13680 100
13690 100
13700 100
13710 100
13720 100
13730 100
13740 100
13750 100
13760 100
13770 100
13780 100
13790 100
13800 100
13810 100
13820 100
13830 100
13840 100
13850 100
13860 100
13870 100
13880 100
13890 100
13900 100
13910 100
13920 100
13930 100
13940 100
13950 100
13960 100
13970 100
13980 100
13990 100
14000 100
14010 100
14020 100
14030 100
14040 100
14050 100
14060 100
14070 100
14080 100
14090 100
14100 100
14110 100
14120 100
14130 100
14140 100
14150 100
14160 100
14170 100
14180 100
14190 100
14200 100
14210 100
14220 100
14230 100
14240 100
14250 100
14260 100
14270 100
14280 100
14290 100
14300 100
14310 100
14320 100
14330 100
14340 100
14350 100
14360 100
14370 100
14380 100
14390 100
14400 100
14410 100
14420 100
14430 100
14440 100
14450 100
14460 100
14470 100
14480 100
14490 100
14500 100
14510 100
14520 100
14530 100
14540 100
14550 100
14560 100
14570 100
14580 100
14590 100
14600 100
14610 100
14620 100
14630 100
14640 100
14650 100
14660 100
14670 100
14680 100
14690 100
14700 100
14710 100
14720 100
14730 100
14740 100
14750 100
14760 100
14770 100
14780 100
14790 100
14800 100
14810 100
14820 100
14830 100
14840 100
14850 100
14860 100
14870 100
14880 100
14890 100
14900 100
14910 100
14920 100
14930 100
14940 100
14950 100
14960 100
14970 100
14980 100
14990 100
15000 100
15010 100
15020 100
15030 100
15040 100
15050 100
15060 100
15070 100
15080 100
15090 100
15100 100
15110 100
15120 100
15130 100
15140 100
15150 100
15160 100
15170 100
15180 100
15190 100
15200 100
15210 100
15220 100
15230 100
15240 100
15250 100
15260 100
15270 100
15280 100
15290 100
15300 100
15310 100
15320 100
15330 100
15340 100
15350 100
15360 100
15370 100
15380 100
15390 100
15400 100
15410 100
15420 100
15430 100
15440 100
15450 100
15460 100
15470 100
15480 100
15490 100
15500 100
15510 100
15520 100
15530 100
15540 100
15550 100
15560 100
15570 100
15580 100
15590 100
15600 100
15610 100
15620 100
15630 100
15640 100
15650 100
15660 100
15670 100
15680 100
15690 100
15700 100
15710 100
15720 100
15730 100
15740 100
15750 100
15760 100
15770 100
15780 100
15790 100
15800 100
15810 100
15820 100
15830 100
15840 100
15850 100
15860 100
15870 100
15880 100
15890 100
15900 100
15910 100
15920 100
15930 100
15940 100
15950 100
15960 100
15970 100
15980 100
15990 100
16000 100
16010 100
16020 100
16030 100
16040 100
16050 100
16060 100
16070 100
16080 100
16090 100
16100 100
16110 100
16120 100
16130 100
16140 100
16150 100
16160 100
16170 100
16180 100
16190 100
16200 100
16210 100
16220 100
16230 100
16240 100
16250 100
16260 100
16270 100
16280 100
16290 100
16300 100
16310 100
16320 100
16330 100
16340 100
16350 100
16360 100
16370 100
16380 100
16390 100
16400 100
16410 100
16420 100
16430 100
16440 100
16450 100
16460 100
16470 100
16480 100
16490 100
16500 100
16510 100
16520 100
16530 100
16540 100
16550 100
16560 100
16570 100
16580 100
16590 100
16600 100
16610 100
16620 100
16630 100
16640 100
16650 100
16660 100
16670 100
16680 100
16690 100
16700 100
16710 100
16720 100
16730 100
16740 100
16750 100
16760 100
16770 100
16780 100
16790 100
16800 100
16810 100
16820 100
16830 100
16840 100
16850 100
16860 100
16870 100
16880 100
16890 100
16900 100
16910 100
16920 100
16930 100
16940 100
16950 100
16960 100
16970 100
16980 100
16990 100
17000 100
17010 100
17020 100
17030 100
17040 100
17050 100
17060 100
17070 100
17080 100
17090 100
17100 100
17110 100
17120 100
17130 100
17140 100
17150 100
17160 100
17170 100
17180 100
17190 100
17200 100
17210 100
17220 100
17230 100
17240 100
17250 100
17260 100
17270 100
17280 100
17290 100
17300 100
17310 100
17320 100
17330 100
17340 100
17350 100
17360 100
17370 100
17380 100
17390 100
17400 100
17410 100
17420 100
17430 100
17440 100
17450 100
17460 100
17470 100
17480 100
17490 100
17500 100
17510 100
17520 100
17530 100
17540 100
17550 100
17560 100
17570 100
17580 100
17590 100
17600 100
17610 100
17620 100
17630 100
17640 100
17650 100
17660 100
17670 100
17680 100
17690 100
17700 100
17710 100
17720 100
17730 100
17740 100
17750 100
17760 100
17770 100
17780 100
17790 100
17800 100
17810 100
17820 100
17830 100
17840 100
17850 100
17860 100
17870 100
17880 100
17890 100
17900 100
17910 100
17920 100
17930 100
17940 100
17950 100
17960 100
17970 100
17980 100
17990 100
18000 100
18010 100
18020 100
18030 100
18040 100
18050 100
18060 100
18070 100
18080 100
18090 100
18100 100
18110 100
18120 100
18130 100
18140 100
18150 100
18160 100
18170 100
18180 100
18190 100
18200 100
18210 100
18220 100
18230 100
18240 100
18250 100
18260 100
18270 100
18280 100
18290 100
18300 100
18310 100
18320 100
18330 100
18340 100
18350 100
18360 100
18370 100
18380 100
18390 100
18400 100
18410 100
18420 100
18430 100
18440 100
18450 100
18460 100
18470 100
18480 100
18490 100
18500 100
18510 100
18520 100
18530 100
18540 100
18550 100
18560 100
18570 100
18580 100
18590 100
18600 100
18610 100
18620 100
18630 100
18640 100
18650 100
18660 100
18670 100
18680 100
18690 100
18700 100
18710 100
18720 100
18730 100
18740 100
18750 100
18760 100
18770 100
18780 100
18790 100
18800 100
18810 100
18820 100
18830 100
18840 100
18850 100
18860 100
18870 100
18880 100
18890 100
18900 100
18910 100
18920 100
18930 100
18940 100
18950 100
18960 100
18970 100
18980 100
18990 100
19000 100
19010 100
19020 100
19030 100
19040 100
19050 100
19060 100
19070 100
19080 100
19090 100
19100 100
19110 100
19120 100
19130 100
19140 100
19150 100
19160 100
19170 100
19180 100
19190 100
19200 100
19210 100
19220 100
19230 100
19240 100
19250 100
19260 100
19270 100
19280 100
19290 100
19300 100
19310 100
19320 100
19330 100
19340 100
19350 100
19360 100
19370 100
19380 100
19390 100
19400 100
19410 100
19420 100
19430 100
19440 100
19450 100
19460 100
19470 100
19480 100
19490 100
19500 100
19510 100
19520 100
19530 100
19540 100
19550 100
19560 100
19570 100
19580 100
19590 100
19600 100
19610 100
19620 100
19630 100
19640 100
19650 100
19660 100
19670 100
19680 100
19690 100
19700 100
19710 100
19720 100
19730 100
19740 100
19750 100
19760 100
19770 100
19780 100
19790 100
19800 100
19810 100
19820 100
19830 100
19840 100
19850 100
19860 100
19870 100
19880 100
19890 100
19900 100
19910 100
19920 100
19930 100
19940 100
19950 100
19960 100
19970 100
19980 100
19990 100
20000 100
20010 100
20020 100
20030 100
20040 100
20050 100
20060 100
20070 100
20080 100
20090 100
20100 100
20110 100
20120 100
20130 100
20140 100
20150 100
20160 100
20170 100
20180 100
20190 100
20200 100
20210 100
20220 100
20230 100
20240 100
20250 100
20260 100
20270 100
20280 100
20290 100
20300 100
20310 100
20320 100
20330 100
20340 100
20350 100
20360 100
20370 100
20380 100
20390 100
20400 100
20410 100
20420 100
20430 100
20440 100
20450 100
20460 100
20470 100
20480 100
20490 100
20500 100
20510 100
20520 100
20530 100
20540 100
20550 100
20560 100
20570 100
20580 100
20590 100
20600 100
20610 100
20620 100
20630 100
20640 100
20650 100
20660 100
20670 100
20680 100
20690 100
20700 100
20710 100
20720 100
20730 100
20740 100
20750 100
20760 100
20770 100
20780 100
20790 100
20800 100
20810 100
20820 100
20830 100
20840 100
20850 100
20860 100
20870 100
20880 100
20890 100
20900 100
20910 100
20920 100
20930 100
20940 100
20950 100
20960 100
20970 100
20980 100
20990 100
21000 100
21010 100
21020 100
21030 100
21040 100
21050 100
21060 100
21070 100
21080 100
21090 100
21100 100
21110 100
21120 100
21130 100
21140 100
21150 100
21160 100
21170 100
21180 100
21190 100
21200 100
21210 100
21220 100
21230 100
21240 100
21250 100
21260 100
21270 100
21280 100
21290 100
21300 100
21310 100
21320 100
21330 100
21340 100
21350 100
21360 100
21370 100
21380 100
21390 100
21400 100
21410 100
21420 100
21430 100
21440 100
21450 100
21460 100
21470 100
21480 100
21490 100
21500 100
21510 100
21520 100
21530 100
21540 100
21550 100
21560 100
21570 100
21580 100
21590 100
21600 100
21610 100
21620 100
21630 100
21640 100
21650 100
21660 100
21670 100
21680 100
21690 100
21700 100
21710 100
21720 100
21730 100
21740 100
21750 100
21760 100
21770 100
21780 100
21790 100
21800 100
21810 100
21820 100
21830 100
21840 100
21850 100
21860 100
21870 100
21880 100
21890 100
21900 100
21910 100
21920 100
21930 100
21940 100
21950 100
21960 100
21970 100
21980 100
21990 100
22000 100
22010 100
22020 100
22030 100
22040 100
22050 100
22060 100
22070 100
22080 100
22090 100
22100 100
22110 100
22120 100
22130 100
22140 100
22150 100
22160 100
22170 100
22180 100
22190 100
22200 100
22210 100
22220 100
22230 100
22240 100
22250 100
22260 100
22270 100
22280 100
22290 100
22300 100
22310 100
22320 100
22330 100
22340 100
22350 100
22360 100
22370 100
22380 100
22390 100
22400 100
22410 100
22420 100
22430 100
22440 100
22450 100
22460 100
22470 100
22480 100
22490 100
22500 100
22510 100
22520 100
22530 100
22540 100
22550 100
22560 100
22570 100
22580 100
22590 100
22600 100
22610 100
22620 100
22630 100
22640 100
22650 100
22660 100
22670 100
22680 100
22690 100
22700 100
22710 100
22720 100
22730 100
22740 100
22750 100
22760 100
22770 100
22780 100
22790 100
22800 100
22810 100
22820 100
22830 100
22840 100
22850 100
22860 100
22870 100
22880 100
22890 100
22900 100
22910 100
22920 100
22930 100
22940 100
22950 100
22960 100
22970 100
22980 100
22990 100
23000 100
23010 100
23020 100
23030 100
23040 100
23050 100
23060 100
23070 100
23080 100
23090 100
23100 100
23110 100
23120 100
23130 100
23140 100
23150 100
23160 100
23170 100
23180 100
23190 100
23200 100
23210 100
23220 100
23230 100
23240 100
23250 100
23260 100
23270 100
23280 100
23290 100
23300 100
23310 100
23320 100
23330 100
23340 100
23350 100
23360 100
23370 100
23380 100
23390 100
23400 100
23410 100
23420 100
23430 100
23440 100
23450 100
23460 100
23470 100
23480 100
23490 100
23500 100
23510 100
23520 100
23530 100
23540 100
23550 100
23560 100
23570 100
23580 100
23590 100
23600 100
23610 100
23620 100
23630 100
23640 100
23650 100
23660 100
23670 100
23680 100
23690 100
23700 100
23710 100
23720 100
23730 100
23740 100
23750 100
23760 100
23770 100
23780 100
23790 100
23800 100
23810 100
23820 100
23830 100
23840 100
23850 100
23860 100
23870 100
23880 100
23890 100
23900 100
23910 100
23920 100
23930 100
23940 100
23950 100
23960 100
23970 100
23980 100
23990 100
24000 100
24010 100
24020 100
24030 100
24040 100
24050 100
24060 100
24070 100
24080 100
24090 100
24100 100
24110 100
24120 100
24130 100
24140 100
24150 100
24160 100
24170 100
24180 100
24190 100
24200 100
24210 100
24220 100
24230 100
24240 100
24250 100
24260 100
24270 100
24280 100
24290 100
24300 100
24310 100
24320 100
24330 100
24340 100
24350 100
24360 100
24370 100
24380 100
24390 100
24400 100
24410 100
24420 100
24430 100
24440 100
24450 100
24460 100
24470 100
24480 100
24490 100
24500 100
24510 100
24520 100
24530 100
24540 100
24550 100
24560 100
24570 100
24580 100
24590 100
24600 100
24610 100
24620 100
24630 100
24640 100
24650 100
24660 100
24670 100
24680 100
24690 100
24700 100
24710 100
24720 100
24730 100
24740 100
24750 100
24760 100
24770 100
24780 100
24790 100
24800 100
24810 100
24820 100
24830 100
24840 100
24850 100
24860 100
24870 100
24880 100
24890 100
24900 100
24910 100
24920 100
24930 100
24940 100
24950 100
24960 100
24970 100
24980 100
24990 100
25000 100
25010 100
25020 100
25030 100
25040 100
25050 100
25060 100
25070 100
25080 100
25090 100
25100 100
25110 100
25120 100
25130 100
25140 100
25150 100
25160 100
25170 100
25180 100
25190 100
25200 100
25210 100
25220 100
25230 100
25240 100
25250 100
25260 100
25270 100
25280 100
25290 100
25300 100
25310 100
25320 100
25330 100
25340 100
25350 100
25360 100
25370 100
25380 100
25390 100
25400 100
25410 100
25420 100
25430 100
25440 100
25450 100
25460 100
25470 100
25480 100
25490 100
25500 100
25510 100
25520 100
25530 100
25540 100
25550 100
25560 100
25570 100
25580 100
25590 100
25600 100
25610 100
25620 100
25630 100
25640 100
25650 100
25660 100
25670 100
25680 100
25690 100
25700 100
25710 100
25720 100
25730 100
25740 100
25750 100
25760 100
25770 100
25780 100
25790 100
25800 100
25810 100
25820 100
25830 100
25840 100
25850 100
25860 100
25870 100
25880 100
25890 100
25900 100
25910 100
25920 100
25930 100
25940 100
25950 100
25960 100
25970 100
25980 100
25990 100
26000 100
26010 100
26020 100
26030 100
26040 100
26050 100
26060 100
26070 100
26080 100
26090 100
26100 100
26110 100
26120 100
26130 100
26140 100
26150 100
26160 100
26170 100
26180 100
26190 100
26200 100
26210 100
26220 100
26230 100
26240 100
26250 100
26260 100
26270 100
26280 100
26290 100
26300 100
26310 100
26320 100
26330 100
26340 100
26350 100
26360 100
26370 100
26380 100
26390 100
26400 100
26410 100
26420 100
26430 100
26440 100
26450 100
26460 100
26470 100
26480 100
26490 100
26500 100
26510 100
26520 100
26530 100
26540 100
26550 100
26560 100
26570 100
26580 100
26590 100
26600 100
26610 100
26620 100
26630 100
26640 100
26650 100
26660 100
26670 100
26680 100
26690 100
26700 100
26710 100
26720 100
26730 100
26740 100
26750 100
26760 100
26770 100
26780 100
26790 100
26800 100
26810 100
26820 100
26830 100
26840 100
26850 100
26860 100
26870 100
26880 100
26890 100
26900 100
26910 100
26920 100
26930 100
26940 100
26950 100
26960 100
26970 100
26980 100
26990 100
27000 100
27010 100
27020 100
27030 100
27040 100
27050 100
27060 100
27070 100
27080 100
27090 100
27100 100
27110 100
27120 100
27130 100
27140 100
27150 100
27160 100
27170 100
27180 100
27190 100
27200 100
27210 100
27220 100
27230 100
27240 100
27250 100
27260 100
27270 100
27280 100
27290 100
27300 100
27310 100
27320 100
27330 100
27340 100
27350 100
27360 100
27370 100
27380 100
27390 100
27400 100
27410 100
27420 100
27430 100
27440 100
27450 100
27460 100
27470 100
27480 100
27490 100
27500 100
27510 100
27520 100
27530 100
27540 100
27550 100
27560 100
27570 100
27580 100
27590 100
27600 100
27610 100
27620 100
27630 100
27640 100
27650 100
27660 100
27670 100
27680 100
27690 100
27700 100
27710 100
27720 100
27730 100
27740 100
27750 100
27760 100
27770 100
27780 100
27790 100
27800 100
27810 100
27820 100
27830 100
27840 100
27850 100
27860 100
27870 100
27880 100
27890 100
27900 100
27910 100
27920 100
27930 100
27940 100
27950 100
27960 100
27970 100
27980 100
27990 100
28000 100
28010 100
28020 100
28030 100
28040 100
28050 100
28060 100
28070 100
28080 100
28090 100
28100 100
28110 100
28120 100
28130 100
28140 100
28150 100
28160 100
28170 100
28180 100
28190 100
28200 100
28210 100
28220 100
28230 100
28240 100
28250 100
28260 100
28270 100
28280 100
28290 100
28300 100
28310 100
28320 100
28330 100
28340 100
28350 100
28360 100
28370 100
28380 100
28390 100
28400 100
28410 100
28420 100
28430 100
28440 100
28450 100
28460 100
28470 100
28480 100
28490 100
28500 100
28510 100
28520 100
28530 100
28540 100
28550 100
28560 100
28570 100
28580 100
28590 100
28600 100
28610 100
28620 100
28630 100
28640 100
28650 100
28660 100
28670 100
28680 100
28690 100
28700 100
28710 100
28720 100
28730 100
28740 100
28750 100
28760 100
28770 100
28780 100
28790 100
28800 100
28810 100
28820 100
28830 100
28840 100
28850 100
28860 100
28870 100
28880 100
28890 100
28900 100
28910 100
28920 100
28930 100
28940 100
28950 100
28960 100
28970 100
28980 100
28990 100
29000 100
29010 100
29020 100
29030 100
29040 100
29050 100
29060 100
29070 100
29080 100
29090 100
29100 100
29110 100
29120 100
29130 100
29140 100
29150 100
29160 100
29170 100
29180 100
29190 100
29200 100
29210 100
29220 100
29230 100
29240 100
29250 100
29260 100
29270 100
29280 100
29290 100
29300 100
29310 100
29320 100
29330 100
29340 100
29350 100
29360 100
29370 100
29380 100
29390 100
29400 100
29410 100
29420 100
29430 100
29440 100
29450 100
29460 100
29470 100
29480 100
29490 100
29500 100
29510 100
29520 100
29530 100
29540 100
29550 100
29560 100
29570 100
29580 100
29590 100
29600 100
29610 100
29620 100
29630 100
29640 100
29650 100
29660 100
29670 100
29680 100
29690 100
29700 100
29710 100
29720 100
29730 100
29740 100
29750 100
29760 100
29770 100
29780 100
29790 100
29800 100
29810 100
29820 100
29830 100
29840 100
29850 100
29860 100
29870 100
29880 100
29890 100
29900 100
29910 100
29920 100
29930 100
29940 100
29950 100
29960 100
29970 100
29980 100
29990 100
30000 100
30010 100
30020 100
30030 100
30040 100
30050 100
30060 100
30070 100
30080 100
30090 100
30100 100
30110 100
30120 100
30130 100
30140 100
30150 100
30160 100
30170 100
30180 100
30190 100
30200 100
30210 100
30220 100
30230 100
30240 100
30250 100
30260 100
30270 100
30280 100
30290 100
30300 100
30310 100
30320 100
30330 100
30340 100
30350 100
30360 100
30370 100
30380 100
30390 100
30400 100
30410 100
30420 100
30430 100
30440 100
30450 100
30460 100
30470 100
30480 100
30490 100
30500 100
30510 100
30520 100
30530 100
30540 100
30550 100
30560 100
30570 100
30580 100
30590 100
30600 100
30610 100
30620 100
30630 100
30640 100
30650 100
30660 100
30670 100
30680 100
30690 100
30700 100
30710 100
30720 100
30730 100
30740 100
30750 100
30760 100
30770 100
30780 100
30790 100
30800 100
30810 100
30820 100
30830 100
30840 100
30850 100
30860 100
30870 100
30880 100
30890 100
30900 100
30910 100
30920 100
30930 100
30940 100
30950 100
30960 100
30970 100
30980 100
30990 100
31000 100
31010 100
31020 100
31030 100
31040 100
31050 100
31060 100
31070 100
31080 100
31090 100
31100 100
31110 100
31120 100
31130 100
31140 100
31150 100
31160 100
31170 100
31180 100
31190 100
31200 100
31210 100
31220 100
31230 100
31240 100
31250 100
31260 100
31270 100
31280 100
31290 100
31300 100
31310 100
31320 100
31330 100
31340 100
31350 100
31360 100
31370 100
31380 100
31390 100
31400 100
31410 100
31420 100
31430 100
31440 100
31450 100
31460 100
31470 100
31480 100
31490 100
31500 100
31510 100
31520 100
31530 100
31540 100
31550 100
31560 100
31570 100
31580 100
31590 100
31600 100
31610 100
31620 100
31630 100
31640 100
31650 100
31660 100
31670 100
31680 100
31690 100
31700 100
31710 100
31720 100
31730 100
31740 100
31750 100
31760 100
31770 100
31780 100
31790 100
31800 100
31810 100
31820 100
31830 100
31840 100
31850 100
31860 100
31870 100
31880 100
31890 100
31900 100
31910 100
31920 100
31930 100
31940 100
31950 100
31960 100
31970 100
31980 100
31990 100
32000 100
32010 100
32020 100
32030 100
32040 100
32050 100
32060 100
32070 100
32080 100
32090 100
32100 100
32110 100
32120 100
32130 100
32140 100
32150 100
32160 100
32170 100
32180 100
32190 100
32200 100
32210 100
32220 100
32230 100
32240 100
32250 100
32260 100
32270 100
32280 100
32290 100
32300 100
32310 100
32320 100
32330 100
32340 100
32350 100
32360 100
32370 100
32380 100
32390 100
32400 100
32410 100
32420 100
32430 100
32440 100
32450 100
32460 100
32470 100
32480 100
32490 100
32500 100
32510 100
32520 100
32530 100
32540 100
32550 100
32560 100
32570 100
32580 100
32590 100
32600 100
32610 100
32620 100
32630 100
32640 100
32650 100
32660 100
32670 100
32680 100
32690 100
32700 100
32710 100
32720 100
32730 100
32740 100
32750 100
32760 100
32770 100
32780 100
32790 100
32800 100
32810 100
32820 100
32830 100
32840 100
32850 100
32860 100
32870 100
32880 100
32890 100
32900 100
32910 100
32920 100
32930 100
32940 100
32950 100
32960 100
32970 100
32980 100
32990 100
33000 100
33010 100
33020 100
33030 100
33040 100
33050 100
33060 100
33070 100
33080 100
33090 100
33100 100
33110 100
33120 100
33130 100
33140 100
33150 100
33160 100
33170 100
33180 100
33190 100
33200 100
33210 100
33220 100
33230 100
33240 100
33250 100
33260 100
33270 100
33280 100
33290 100
33300 100
33310 100
33320 100
33330 100
33340 100
33350 100
33360 100
33370 100
33380 100
33390 100
33400 100
33410 100
33420 100
33430 100
33440 100
33450 100
33460 100
33470 100
33480 100
33490 100
33500 100
33510 100
33520 100
33530 100
33540 100
33550 100
33560 100
33570 100
33580 100
33590 100
33600 100
33610 100
33620 100
33630 100
33640 100
33650 100
33660 100
33670 100
33680 100
33690 100
33700 100
33710 100
33720 100
33730 100
33740 100
33750 100
33760 100
33770 100
33780 100
33790 100
33800 100
33810 100
33820 100
33830 100
33840 100
33850 100
33860 100
33870 100
33880 100
33890 100
33900 100
33910 100
33920 100
33930 100
33940 100
33950 100
33960 100
33970 100
33980 100
33990 100
34000 100
34010 100
34020 100
34030 100
34040 100
34050 100
34060 100
34070 100
34080 100
34090 100
34100 100
34110 100
34120 100
34130 100
34140 100
34150 100
34160 100
34170 100
34180 100
34190 100
34200 100
34210 100
34220 100
34230 100
34240 100
34250 100
34260 100
34270 100
34280 100
34290 100
34300 100
34310 100
34320 100
34330 100
34340 100
34350 100
34360 100
34370 100
34380 100
34390 100
34400 100
34410 100
34420 100
34430 100
34440 100
34450 100
34460 100
34470 100
34480 100
34490 100
34500 100
34510 100
34520 100
34530 100
34540 100
34550 100
34560 100
34570 100
34580 100
34590 100
34600 100
34610 100
34620 100
34630 100
34640 100
34650 100
34660 100
34670 100
34680 100
34690 100
34700 100
34710 100
34720 100
34730 100
34740 100
34750 100
34760 100
34770 100
34780 100
34790 100
34800 100
34810 100
34820 100
34830 100
34840 100
34850 100
34860 100
34870 100
34880 100
34890 100
34900 100
34910 100
34920 100
34930 100
34940 100
34950 100
34960 100
34970 100
34980 100
34990 100
35000 100
35010 100
35020 100
35030 100
35040 100
35050 100
35060 100
35070 100
35080 100
35090 100
35100 100
35110 100
35120 100
35130 100
35140 100
35150 100
35160 100
35170 100
35180 100
35190 100
35200 100
35210 100
35220 100
35230 100
35240 100
35250 100
35260 100
35270 100
35280 100
35290 100
35300 100
35310 100
35320 100
35330 100
35340 100
35350 100
35360 100
35370 100
35380 100
35390 100
35400 100
35410 100
35420 100
35430 100
35440 100
35450 100
35460 100
35470 100
35480 100
35490 100
35500 100
35510 100
35520 100
35530 100
35540 100
35550 100
35560 100
35570 100
35580 100
35590 100
35600 100
35610 100
35620 100
35630 100
35640 100
35650 100
35660 100
35670 100
35680 100
35690 100
35700 100
35710 100
35720 100
35730 100
35740 100
35750 100
35760 100
35770 100
35780 100
35790 100
35800 100
35810 100
35820 100
35830 100
35840 100
35850 100
35860 100
35870 100
35880 100
35890 100
35900 100
35910 100
35920 100
35930 100
35940 100
35950 100
35960 100
35970 100
35980 100
35990 100
36000 100
36010 100
36020 100
36030 100
36040 100
36050 100
36060 100
36070 100
36080 100
36090 100
36100 100
36110 100
36120 100
36130 100
36140 100
36150 100
36160 100
36170 100
36180 100
36190 100
36200 100
36210 100
36220 100
36230 100
36240 100
36250 100
36260 100
36270 100
36280 100
36290 100
36300 100
36310 100
36320 100
36330 100
36340 100
36350 100
36360 100
36370 100
36380 100
36390 100
36400 100
36410 100
36420 100
36430 100
36440 100
36450 100
36460 100
36470 100
36480 100
36490 100
36500 100
36510 100
36520 100
36530 100
36540 100
36550 100
36560 100
36570 100
36580 100
36590 100
36600 100
36610 100
36620 100
36630 100
36640 100
36650 100
36660 100
36670 100
36680 100
36690 100
36700 100
36710 100
36720 100
36730 100
36740 100
36750 100
36760 100
36770 100
36780 100
36790 100
36800 100
36810 100
36820 100
36830 100
36840 100
36850 100
36860 100
36870 100
36880 100
36890 100
36900 100
36910 100
36920 100
36930 100
36940 100
36950 100
36960 100
36970 100
36980 100
36990 100
37000 100
37010 100
37020 100
37030 100
37040 100
37050 100
37060 100
37070 100
37080 100
37090 100
37100 100
37110 100
37120 100
37130 100
37140 100
37150 100
37160 100
37170 100
37180 100
37190 100
37200 100
37210 100
37220 100
37230 100
37240 100
37250 100
37260 100
37270 100
37280 100
37290 100
37300 100
37310 100
37320 100
37330 100
37340 100
37350 100
37360 100
37370 100
37380 100
37390 100
37400 100
37410 100
37420 100
37430 100
37440 100
37450 100
37460 100
37470 100
37480 100
37490 100
37500 100
37510 100
37520 100
37530 100
37540 100
37550 100
37560 100
37570 100
37580 100
37590 100
37600 100
37610 100
37620 100
37630 100
37640 100
37650 100
37660 100
37670 100
37680 100
37690 100
37700 100
37710 100
37720 100
37730 100
37740 100
37750 100
37760 100
37770 100
37780 100
37790 100
37800 100
37810 100
37820 100
37830 100
37840 100
37850 100
37860 100
37870 100
37880 100
37890 100
37900 100
37910 100
37920 100
37930 100
37940 100
37950 100
37960 100
37970 100
37980 100
37990 100
38000 100
38010 100
38020 100
38030 100
38040 100
38050 100
38060 100
38070 100
38080 100
38090 100
38100 100
38110 100
38120 100
38130 100
38140 100
38150 100
38160 100
38170 100
38180 100
38190 100
38200 100
38210 100
38220 100
38230 100
38240 100
38250 100
38260 100
38270 100
38280 100
38290 100
38300 100
38310 100
38320 100
38330 100
38340 100
38350 100
38360 100
38370 100
38380 100
38390 100
38400 100
38410 100
38420 100
38430 100
38440 100
38450 100
38460 100
38470 100
38480 100
38490 100
38500 100
38510 100
38520 100
38530 100
38540 100
38550 100
38560 100
38570 100
38580 100
38590 100
38600 100
38610 100
38620 100
38630 100
38640 100
38650 100
38660 100
38670 100
38680 100
38690 100
38700 100
38710 100
38720 100
38730 100
38740 100
38750 100
38760 100
38770 100
38780 100
38790 100
38800 100
38810 100
38820 100
38830 100
38840 100
38850 100
38860 100
38870 100
38880 100
38890 100
38900 100
38910 100
38920 100
38930 100
38940 100
38950 100
38960 100
38970 100
38980 100
38990 100
39000 100
39010 100
39020 100
39030 100
39040 100
39050 100
39060 100
39070 100
39080 100
39090 100
39100 100
39110 100
39120 100
39130 100
39140 100
39150 100
39160 100
39170 100
39180 100
39190 100
39200 100
39210 100
39220 100
39230 100
39240 100
39250 100
39260 100
39270 100
39280 100
39290 100
39300 100
39310 100
39320 100
39330 100
39340 100
39350 100
39360 100
39370 100
39380 100
39390 100
39400 100
39410 100
39420 100
39430 100
39440 100
39450 100
39460 100
39470 100
39480 100
39490 100
39500 100
39510 100
39520 100
39530 100
39540 100
39550 100
39560 100
39570 100
39580 100
39590 100
39600 100
39610 100
39620 100
39630 100
39640 100
39650 100
39660 100
39670 100
39680 100
39690 100
39700 100
39710 100
39720 100
39730 100
39740 100
39750 100
39760 100
39770 100
39780 100
39790 100
39800 100
39810 100
39820 100
39830 100
39840 100
39850 100
39860 100
39870 100
39880 100
39890 100
39900 100
39910 100
39920 100
39930 100
39940 100
39950 100
39960 100
39970 100
39980 100
39990 100
40000 100
40010 100
40020 100
40030 100
40040 100
40050 100
40060 100
40070 100
40080 100
40090 100
40100 100
40110 100
40120 100
40130 100
40140 100
40150 100
40160 100
40170 100
40180 100
40190 100
40200 100
40210 100
40220 100
40230 100
40240 100
40250 100
40260 100
40270 100
40280 100
40290 100
40300 100
40310 100
40320 100
40330 100
40340 100
40350 100
40360 100
40370 100
40380 100
40390 100
40400 100
40410 100
40420 100
40430 100
40440 100
40450 100
40460 100
40470 100
40480 100
40490 100
40500 100
40510 100
40520 100
40530 100
40540 100
40550 100
40560 100
40570 100
40580 100
40590 100
40600 100
40610 100
40620 100
40630 100
40640 100
40650 100
40660 100
40670 100
40680 100
40690 100
40700 100
40710 100
40720 100
40730 100
40740 100
40750 100
40760 100
40770 100
40780 100
40790 100
40800 100
40810 100
40820 100
40830 100
40840 100
40850 100
40860 100
40870 100
40880 100
40890 100
40900 100
40910 100
40920 100
40930 100
40940 100
40950 100
40960 100
40970 100
40980 100
40990 100
41000 100
41010 100
41020 100
41030 100
41040 100
41050 100
41060 100
41070 100
41080 100
41090 100
41100 100
41110 100
41120 100
41130 100
41140 100
41150 100
41160 100
41170 100
41180 100
41190 100
41200 100
41210 100
41220 100
41230 100
41240 100
41250 100
41260 100
41270 100
41280 100
41290 100
41300 100
41310 100
41320 100
41330 100
41340 100
41350 100
41360 100
41370 100
41380 100
41390 100
41400 100
41410 100
41420 100
41430 100
41440 100
41450 100
41460 100
41470 100
41480 100
41490 100
41500 100
41510 100
41520 100
41530 100
41540 100
41550 100
41560 100
41570 100
41580 100
41590 100
41600 100
41610 100
41620 100
41630 100
41640 100
41650 100
41660 100
41670 100
41680 100
41690 100
41700 100
41710 100
41720 100
41730 100
41740 100
41750 100
41760 100
41770 100
41780 100
41790 100
41800 100
41810 100
41820 100
41830 100
41840 100
41850 100
41860 100
41870 100
41880 100
41890 100
41900 100
41910 100
41920 100
41930 100
41940 100
41950 100
41960 100
41970 100
41980 100
41990 100
42000 100
42010 100
42020 100
42030 100
42040 100
42050 100
42060 100
42070 100
42080 100
42090 100
42100 100
42110 100
42120 100
42130 100
42140 100
42150 100
42160 100
42170 100
42180 100
42190 100
42200 100
42210 100
42220 100
42230 100
42240 100
42250 100
42260 100
42270 100
42280 100
42290 100
42300 100
42310 100
42320 100
42330 100
42340 100
42350 100
42360 100
42370 100
42380 100
42390 100
42400 100
42410 100
42420 100
42430 100
42440 100
42450 100
42460 100
42470 100
42480 100
42490 100
42500 100
42510 100
42520 100
42530 100
42540 100
42550 100
42560 100
42570 100
42580 100
42590 100
42600 100
42610 100
42620 100
42630 100
42640 100
42650 100
42660 100
42670 100
42680 100
42690 100
42700 100
42710 100
42720 100
42730 100
42740 100
42750 100
42760 100
42770 100
42780 100
42790 100
42800 100
42810 100
42820 100
42830 100
42840 100
42850 100
42860 100
42870 100
42880 100
42890 100
42900 100
42910 100
42920 100
42930 100
42940 100
42950 100
42960 100
42970 100
42980 100
42990 100
43000 100
43010 100
43020 100
43030 100
43040 100
43050 100
43060 100
43070 100
43080 100
43090 100
43100 100
43110 100
43120 100
43130 100
43140 100
43150 100
43160 100
43170 100
43180 100
43190 100
43200 100
43210 100
43220 100
43230 100
43240 100
43250 100
43260 100
43270 100
43280 100
43290 100
43300 100
43310 100
43320 100
43330 100
43340 100
43350 100
43360 100
43370 100
43380 100
43390 100
43400 100
43410 100
43420 100
43430 100
43440 100
43450 100
43460 100
43470 100
43480 100
43490 100
43500 100
43510 100
43520 100
43530 100
43540 100
43550 100
43560 100
43570 100
43580 100
43590 100
43600 100
43610 100
43620 100
43630 100
43640 100
43650 100
43660 100
43670 100
43680 100
43690 100
43700 100
43710 100
43720 100
43730 100
43740 100
43750 100
43760 100
43770 100
43780 100
43790 100
43800 100
43810 100
43820 100
43830 100
43840 100
43850 100
43860 100
43870 100
43880 100
43890 100
43900 100
43910 100
43920 100
43930 100
43940 100
43950 100
43960 100
43970 100
43980 100
43990 100
44000 100
44010 100
44020 100
44030 100
44040 100
44050 100
44060 100
44070 100
44080 100
44090 100
44100 100
44110 100
44120 100
44130 100
44140 100
44150 100
44160 100
44170 100
44180 100
44190 100
44200 100
44210 100
44220 100
44230 100
44240 100
44250 100
44260 100
44270 100
44280 100
44290 100
44300 100
44310 100
44320 100
44330 100
44340 100
44350 100
44360 100
44370 100
44380 100
44390 100
44400 100
44410 100
44420 100
44430 100
44440 100
44450 100
44460 100
44470 100
44480 100
44490 100
44500 100
44510 100
44520 100
44530 100
44540 100
44550 100
44560 100
44570 100
44580 100
44590 100
44600 100
44610 100
44620 100
44630 100
44640 100
44650 100
44660 100
44670 100
44680 100
44690 100
44700 100
44710 100
44720 100
44730 100
44740 100
44750 100
44760 100
44770 100
44780 100
44790 100
44800 100
44810 100
44820 100
44830 100
44840 100
44850 100
44860 100
44870 100
44880 100
44890 100
44900 100
44910 100
44920 100
44930 100
44940 100
44950 100
44960 100
44970 100
44980 100
44990 100
45000 100
45010 100
45020 100
45030 100
45040 100
45050 100
45060 100
45070 100
45080 100
45090 100
45100 100
45110 100
45120 100
45130 100
45140 100
45150 100
45160 100
45170 100
45180 100
45190 100
45200 100
45210 100
45220 100
45230 100
45240 100
45250 100
45260 100
45270 100
45280 100
45290 100
45300 100
45310 100
45320 100
45330 100
45340 100
45350 100
45360 100
45370 100
45380 100
45390 100
45400 100
45410 100
45420 100
45430 100
45440 100
45450 100
45460 100
45470 100
45480 100
45490 100
45500 100
45510 100
45520 100
45530 100
45540 100
45550 100
45560 100
45570 100
45580 100
45590 100
45600 100
45610 100
45620 100
45630 100
45640 100
45650 100
45660 100
45670 100
45680 100
45690 100
45700 100
45710 100
45720 100
45730 100
45740 100
45750 100
45760 100
45770 100
45780 100
45790 100
45800 100
45810 100
45820 100
45830 100
45840 100
45850 100
45860 100
45870 100
45880 100
45890 100
45900 100
45910 100
45920 100
45930 100
45940 100
45950 100
45960 100
45970 100
45980 100
45990 100
46000 100
46010 100
46020 100
46030 100
46040 100
46050 100
46060 100
46070 100
46080 100
46090 100
46100 100
46110 100
46120 100
46130 100
46140 100
46150 100
46160 100
46170 100
46180 100
46190 100
46200 100
46210 100
46220 100
46230 100
46240 100
46250 100
46260 100
46270 100
46280 100
46290 100
46300 100
46310 100
46320 100
46330 100
46340 100
46350 100
46360 100
46370 100
46380 100
46390 100
46400 100
46410 100
46420 100
46430 100
46440 100
46450 100
46460 100
46470 100
46480 100
46490 100
46500 100
46510 100
46520 100
46530 100
46540 100
46550 100
46560 100
46570 100
46580 100
46590 100
46600 100
46610 100
46620 100
46630 100
46640 100
46650 100
46660 100
46670 100
46680 100
46690 100
46700 100
46710 100
46720 100
46730 100
46740 100
46750 100
46760 100
46770 100
46780 100
46790 100
46800 100
46810 100
46820 100
46830 100
46840 100
46850 100
46860 100
46870 100
46880 100
46890 100
46900 100
46910 100
46920 100
46930 100
46940 100
46950 100
46960 100
46970 100
46980 100
46990 100
47000 100
47010 100
47020 100
47030 100
47040 100
47050 100
47060 100
47070 100
47080 100
47090 100
47100 100
47110 100
47120 100
47130 100
47140 100
47150 100
47160 100
47170 100
47180 100
47190 100
47200 100
47210 100
47220 100
47230 100
47240 100
47250 100
47260 100
47270 100
47280 100
47290 100
47300 100
47310 100
47320 100
47330 100
47340 100
47350 100
47360 100
47370 100
47380 100
47390 100
47400 100
47410 100
47420 100
47430 100
47440 100
47450 100
47460 100
47470 100
47480 100
47490 100
47500 100
47510 100
47520 100
47530 100
47540 100
47550 100
47560 100
47570 100
47580 100
47590 100
47600 100
47610 100
47620 100
47630 100
47640 100
47650 100
47660 100
47670 100
47680 100
47690 100
47700 100
47710 100
47720 100
47730 100
47740 100
47750 100
47760 100
47770 100
47780 100
47790 100
47800 100
47810 100
47820 100
47830 100
47840 100
47850 100
47860 100
47870 100
47880 100
47890 100
47900 100
47910 100
47920 100
47930 100
47940 100
47950 100
47960 100
47970 100
47980 100
47990 100
48000 100
48010 100
48020 100
48030 100
48040 100
48050 100
48060 100
48070 100
48080 100
48090 100
48100 100
48110 100
48120 100
48130 100
48140 100
48150 100
48160 100
48170 100
48180 100
48190 100
48200 100
48210 100
48220 100
48230 100
48240 100
48250 100
48260 100
48270 100
48280 100
48290 100
48300 100
48310 100
48320 100
48330 100
48340 100
48350 100
48360 100
48370 100
48380 100
48390 100
48400 100
48410 100
48420 100
48430 100
48440 100
48450 100
48460 100
48470 100
48480 100
48490 100
48500 100
48510 100
48520 100
48530 100
48540 100
48550 100
48560 100
48570 100
48580 100
48590 100
48600 100
48610 100
48620 100
48630 100
48640 100
48650 100
48660 100
48670 100
48680 100
48690 100
48700 100
48710 100
48720 100
48730 100
48740 100
48750 100
48760 100
48770 100
48780 100
48790 100
48800 100
48810 100
48820 100
48830 100
48840 100
48850 100
48860 100
48870 100
48880 100
48890 100
48900 100
48910 100
48920 100
48930 100
48940 100
48950 100
48960 100
48970 100
48980 100
48990 100
49000 100
49010 100
49020 100
49030 100
49040 100
49050 100
49060 100
49070 100
49080 100
49090 100
49100 100
49110 100
49120 100
49130 100
49140 100
49150 100
49160 100
49170 100
49180 100
49190 100
49200 100
49210 100
49220 100
49230 100
49240 100
49250 100
49260 100
49270 100
49280 100
49290 100
49300 100
49310 100
49320 100
49330 100
49340 100
49350 100
49360 100
49370 100
49380 100
49390 100
49400 100
49410 100
49420 100
49430 100
49440 100
49450 100
49460 100
49470 100
49480 100
49490 100
49500 100
49510 100
49520 100
49530 100
49540 100
49550 100
49560 100
49570 100
49580 100
49590 100
49600 100
49610 100
49620 100
49630 100
49640 100
49650 100
49660 100
49670 100
49680 100
49690 100
49700 100
49710 100
49720 100
49730 100
49740 100
49750 100
49760 100
49770 100
49780 100
49790 100
49800 100
49810 100
49820 100
49830 100
49840 100
49850 100
49860 100
49870 100
49880 100
49890 100
49900 100
49910 100
49920 100
49930 100
49940 100
49950 100
49960 100
49970 100
49980 100
49990 100
50000 100
50010 100
50020 100
50030 100
50040 100
50050 100
50060 100
50070 100
50080 100
50090 100
50100 100
50110 100
50120 100
50130 100
50140 100
50150 100
50160 100
50170 100
50180 100
50190 100
50200 100
50210 100
50220 100
50230 100
50240 100
50250 100
50260 100
50270 100
50280 100
50290 100
50300 100
50310 100
50320 100
50330 100
50340 100
50350 100
50360 100
50370 100
50380 100
50390 100
50400 100
50410 100
50420 100
50430 100
50440 100
50450 100
50460 100
50470 100
50480 100
50490 100
50500 100
50510 100
50520 100
50530 100
50540 100
50550 100
50560 100
50570 100
50580 100
50590 100
50600 100
50610 100
50620 100
50630 100
50640 100
50650 100
50660 100
50670 100
50680 100
50690 100
50700 100
50710 100
50720 100
50730 100
50740 100
50750 100
50760 100
50770 100
50780 100
50790 100
50800 100
50810 100
50820 100
50830 100
50840 100
50850 100
50860 100
50870 100
50880 100
50890 100
50900 100
50910 100
50920 100
50930 100
50940 100
50950 100
50960 100
50970 100
50980 100
50990 100
51000 100
51010 100
51020 100
51030 100
51040 100
51050 100
51060 100
51070 100
51080 100
51090 100
51100 100
51110 100
51120 100
51130 100
51140 100
51150 100
51160 100
51170 100
51180 100
51190 100
51200 100
51210 100
51220 100
51230 100
51240 100
51250 100
51260 100
51270 100
51280 100
51290 100
51300 100
51310 100
51320 100
51330 100
51340 100
51350 100
51360 100
51370 100
51380 100
51390 100
51400 100
51410 100
51420 100
51430 100
51440 100
51450 100
51460 100
51470 100
51480 100
51490 100
51500 100
51510 100
51520 100
51530 100
51540 100
51550 100
51560 100
51570 100
51580 100
51590 100
51600 100
51610 100
51620 100
51630 100
51640 100
51650 100
51660 100
51670 100
51680 100
51690 100
51700 100
51710 100
51720 100
51730 100
51740 100
51750 100
51760 100
51770 100
51780 100
51790 100
51800 100
51810 100
51820 100
51830 100
51840 100
51850 100
51860 100
51870 100
51880 100
51890 100
51900 100
51910 100
51920 100
51930 100
51940 100
51950 100
51960 100
51970 100
51980 100
51990 100
52000 100
52010 100
52020 100
52030 100
52040 100
52050 100
52060 100
52070 100
52080 100
52090 100
52100 100
52110 100
52120 100
52130 100
52140 100
52150 100
52160 100
52170 100
52180 100
52190 100
52200 100
52210 100
52220 100
52230 100
52240 100
52250 100
52260 100
52270 100
52280 100
52290 100
52300 100
52310 100
52320 100
52330 100
52340 100
52350 100
52360 100
52370 100
52380 100
52390 100
52400 100
52410 100
52420 100
52430 100
52440 100
52450 100
52460 100
52470 100
52480 100
52490 100
52500 100
52510 100
52520 100
52530 100
52540 100
52550 100
52560 100
52570 100
52580 100
52590 100
52600 100
52610 100
52620 100
52630 100
52640 100
52650 100
52660 100
52670 100
52680 100
52690 100
52700 100
52710 100
52720 100
52730 100
52740 100
52750 100
52760 100
52770 100
52780 100
52790 100
52800 100
52810 100
52820 100
52830 100
52840 100
52850 100
52860 100
52870 100
52880 100
52890 100
52900 100
52910 100
52920 100
52930 100
52940 100
52950 100
52960 100
52970 100
52980 100
52990 100
53000 100
53010 100
53020 100
53030 100
53040 100
53050 100
53060 100
53070 100
53080 100
53090 100
53100 100
53110 100
53120 100
53130 100
53140 100
53150 100
53160 100
53170 100
53180 100
53190 100
53200 100
53210 100
53220 100
53230 100
53240 100
53250 100
53260 100
53270 100
53280 100
53290 100
53300 100
53310 100
53320 100
53330 100
53340 100
53350 100
53360 100
53370 100
53380 100
53390 100
53400 100
53410 100
53420 100
53430 100
53440 100
53450 100
53460 100
53470 100
53480 100
53490 100
53500 100
53510 100
53520 100
53530 100
53540 100
53550 100
53560 100
53570 100
53580 100
53590 100
53600 100
53610 100
53620 100
53630 100
53640 100
53650 100
53660 100
53670 100
53680 100
53690 100
53700 100
53710 100
53720 100
53730 100
53740 100
53750 100
53760 100
53770 100
53780 100
53790 100
53800 100
53810 100
53820 100
53830 100
53840 100
53850 100
53860 100
53870 100
53880 100
53890 100
53900 100
53910 100
53920 100
53930 100
53940 100
53950 100
53960 100
53970 100
53980 100
53990 100
54000 100
54010 100
54020 100
54030 100
54040 100
54050 100
54060 100
54070 100
54080 100
54090 100
54100 100
54110 100
54120 100
54130 100
54140 100
54150 100
54160 100
54170 100
54180 100
54190 100
54200 100
54210 100
54220 100
54230 100
54240 100
54250 100
54260 100
54270 100
54280 100
54290 100
54300 100
54310 100
54320 100
54330 100
54340 100
54350 100
54360 100
54370 100
54380 100
54390 100
54400 100
54410 100
54420 100
54430 100
54440 100
54450 100
54460 100
54470 100
54480 100
54490 100
54500 100
54510 100
54520 100
54530 100
54540 100
54550 100
54560 100
54570 100
54580 100
54590 100
54600 100
54610 100
54620 100
54630 100
54640 100
54650 100
54660 100
54670 100
54680 100
54690 100
54700 100
54710 100
54720 100
54730 100
54740 100
54750 100
54760 100
54770 100
54780 100
54790 100
54800 100
54810 100
54820 100
54830 100
54840 100
54850 100
54860 100
54870 100
54880 100
54890 100
54900 100
54910 100
54920 100
54930 100
54940 100
54950 100
54960 100
54970 100
54980 100
54990 100
55000 100
55010 100
55020 100
55030 100
55040 100
55050 100
55060 100
55070 100
55080 100
55090 100
55100 100
55110 100
55120 100
55130 100
55140 100
55150 100
55160 100
55170 100
55180 100
55190 100
55200 100
55210 100
55220 100
55230 100
55240 100
55250 100
55260 100
55270 100
55280 100
55290 100
55300 100
55310 100
55320 100
55330 100
55340 100
55350 100
55360 100
55370 100
55380 100
55390 100
55400 100
55410 100
55420 100
55430 100
55440 100
55450 100
55460 100
55470 100
55480 100
55490 100
55500 100
55510 100
55520 100
55530 100
55540 100
55550 100
55560 100
55570 100
55580 100
55590 100
55600 100
55610 100
55620 100
55630 100
55640 100
55650 100
55660 100
55670 100
55680 100
55690 100
55700 100
55710 100
55720 100
55730 100
55740 100
55750 100
55760 100
55770 100
55780 100
55790 100
55800 100
55810 100
55820 100
55830 100
55840 100
55850 100
55860 100
55870 100
55880 100
55890 100
55900 100
55910 100
55920 100
55930 100
55940 100
55950 100
55960 100
55970 100
55980 100
55990 100
56000 100
56010 100
56020 100
56030 100
56040 100
56050 100
56060 100
56070 100
56080 100
56090 100
56100 100
56110 100
56120 100
56130 100
56140 100
56150 100
56160 100
56170 100
56180 100
56190 100
56200 100
56210 100
56220 100
56230 100
56240 100
56250 100
56260 100
56270 100
56280 100
56290 100
56300 100
56310 100
56320 100
56330 100
56340 100
56350 100
56360 100
56370 100
56380 100
56390 100
56400 100
56410 100
56420 100
56430 100
56440 100
56450 100
56460 100
56470 100
56480 100
56490 100
56500 100
56510 100
56520 100
56530 100
56540 100
56550 100
56560 100
56570 100
56580 100
56590 100
56600 100
56610 100
56620 100
56630 100
56640 100
56650 100
56660 100
56670 100
56680 100
56690 100
56700 100
56710 100
56720 100
56730 100
56740 100
56750 100
56760 100
56770 100
56780 100
56790 100
56800 100
56810 100
56820 100
56830 100
56840 100
56850 100
56860 100
56870 100
56880 100
56890 100
56900 100
56910 100
56920 100
56930 100
56940 100
56950 100
56960 100
56970 100
56980 100
56990 100
57000 100
57010 100
57020 100
57030 100
57040 100
57050 100
57060 100
57070 100
57080 100
57090 100
57100 100
57110 100
57120 100
57130 100
57140 100
57150 100
57160 100
57170 100
57180 100
57190 100
57200 100
57210 100
57220 100
57230 100
57240 100
57250 100
57260 100
57270 100
57280 100
57290 100
57300 100
57310 100
57320 100
57330 100
57340 100
57350 100
57360 100
57370 100
57380 100
57390 100
57400 100
57410 100
57420 100
57430 100
57440 100
57450 100
57460 100
57470 100
57480 100
57490 100
57500 100
57510 100
57520 100
57530 100
57540 100
57550 100
57560 100
57570 100
57580 100
57590 100
57600 100
57610 100
57620 100
57630 100
57640 100
57650 100
57660 100
57670 100
57680 100
57690 100
57700 100
57710 100
57720 100
57730 100
57740 100
57750 100
57760 100
57770 100
57780 100
57790 100
57800 100
57810 100
57820 100
57830 100
57840 100
57850 100
57860 100
57870 100
57880 100
57890 100
57900 100
57910 100
57920 100
57930 100
57940 100
57950 100
57960 100
57970 100
57980 100
57990 100
58000 100
58010 100
58020 100
58030 100
58040 100
58050 100
58060 100
58070 100
58080 100
58090 100
58100 100
58110 100
58120 100
58130 100
58140 100
58150 100
58160 100
58170 100
58180 100
58190 100
58200 100
58210 100
58220 100
58230 100
58240 100
58250 100
58260 100
58270 100
58280 100
58290 100
58300 100
58310 100
58320 100
58330 100
58340 100
58350 100
58360 100
58370 100
58380 100
58390 100
58400 100
58410 100
58420 100
58430 100
58440 100
58450 100
58460 100
58470 100
58480 100
58490 100
58500 100
58510 100
58520 100
58530 100
58540 100
58550 100
58560 100
58570 100
58580 100
58590 100
58600 100
58610 100
58620 100
58630 100
58640 100
58650 100
58660 100
58670 100
58680 100
58690 100
58700 100
58710 100
58720 100
58730 100
58740 100
58750 100
58760 100
58770 100
58780 100
58790 100
58800 100
58810 100
58820 100
58830 100
58840 100
58850 100
58860 100
58870 100
58880 100
58890 100
58900 100
58910 100
58920 100
58930 100
58940 100
58950 100
58960 100
58970 100
58980 100
58990 100
59000 100
59010 100
59020 100
59030 100
59040 100
59050 100
59060 100
59070 100
59080 100
59090 100
59100 100
59110 100
59120 100
59130 100
59140 100
59150 100
59160 100
59170 100
59180 100
59190 100
59200 100
59210 100
59220 100
59230 100
59240 100
59250 100
59260 100
59270 100
59280 100
59290 100
59300 100
59310 100
59320 100
59330 100
59340 100
59350 100
59360 100
59370 100
59380 100
59390 100
59400 100
59410 100
59420 100
59430 100
59440 100
59450 100
59460 100
59470 100
59480 100
59490 100
59500 100
59510 100
59520 100
59530 100
59540 100
59550 100
59560 100
59570 100
59580 100
59590 100
59600 100
59610 100
59620 100
59630 100
59640 100
59650 100
59660 100
59670 100
59680 100
59690 100
59700 100
59710 100
59720 100
59730 100
59740 100
59750 100
59760 100
59770 100
59780 100
59790 100
59800 100
59810 100
59820 100
59830 100
59840 100
59850 100
59860 100
59870 100
59880 100
59890 100
59900 100
59910 100
59920 100
59930 100
59940 100
59950 100
59960 100
59970 100
59980 100
59990 100
60000 100
60010 100
60020 100
60030 100
60040 100
60050 100
60060 100
60070 100
60080 100
60090 100
60100 100
60110 100
60120 100
60130 100
60140 100
60150 100
60160 100
60170 100
60180 100
60190 100
60200 100
60210 100
60220 100
60230 100
60240 100
60250 100
60260 100
60270 100
60280 100
60290 100
60300 100
60310 100
60320 100
60330 100
60340 100
60350 100
60360 100
60370 100
60380 100
60390 100
60400 100
60410 100
60420 100
60430 100
60440 100
60450 100
60460 100
60470 100
60480 100
60490 100
60500 100
60510 100
60520 100
60530 100
60540 100
60550 100
60560 100
60570 100
60580 100
60590 100
60600 100
60610 100
60620 100
60630 100
60640 100
60650 100
60660 100
60670 100
60680 100
60690 100
60700 100
60710 100
60720 100
60730 100
60740 100
60750 100
60760 100
60770 100
60780 100
60790 100
60800 100
60810 100
60820 100
60830 100
60840 100
60850 100
60860 100
60870 100
60880 100
60890 100
60900 100
60910 100
60920 100
60930 100
60940 100
60950 100
60960 100
60970 100
60980 100
60990 100
61000 100
61010 100
61020 100
61030 100
61040 100
61050 100
61060 100
61070 100
61080 100
61090 100
61100 100
61110 100
61120 100
61130 100
61140 100
61150 100
61160 100
61170 100
61180 100
61190 100
61200 100
61210 100
61220 100
61230 100
61240 100
61250 100
61260 100
61270 100
61280 100
61290 100
61300 100
61310 100
61320 100
61330 100
61340 100
61350 100
61360 100
61370 100
61380 100
61390 100
61400 100
61410 100
61420 100
61430 100
61440 100
61450 100
61460 100
61470 100
61480 100
61490 100
61500 100
61510 100
61520 100
61530 100
61540 100
61550 100
61560 100
61570 100
61580 100
61590 100
61600 100
61610 100
61620 100
61630 100
61640 100
61650 100
61660 100
61670 100
61680 100
61690 100
61700 100
61710 100
61720 100
61730 100
61740 100
61750 100
61760 100
61770 100
61780 100
61790 100
61800 100
61810 100
61820 100
61830 100
61840 100
61850 100
61860 100
61870 100
61880 100
61890 100
61900 100
61910 100
61920 100
61930 100
61940 100
61950 100
61960 100
61970 100
61980 100
61990 100
62000 100
62010 100
62020 100
62030 100
62040 100
62050 100
62060 100
62070 100
62080 100
62090 100
62100 100
62110 100
62120 100
62130 100
62140 100
62150 100
62160 100
62170 100
62180 100
62190 100
62200 100
62210 100
62220 100
62230 100
62240 100
62250 100
62260 100
62270 100
62280 100
62290 100
62300 100
62310 100
62320 100
62330 100
62340 100
62350 100
62360 100
62370 100
62380 100
62390 100
62400 100
62410 100
62420 100
62430 100
62440 100
62450 100
62460 100
62470 100
62480 100
62490 100
62500 100
62510 100
62520 100
62530 100
62540 100
62550 100
62560 100
62570 100
62580 100
62590 100
62600 100
62610 100
62620 100
62630 100
62640 100
62650 100
62660 100
62670 100
62680 100
62690 100
62700 100
62710 100
62720 100
62730 100
62740 100
62750 100
62760 100
62770 100
62780 100
62790 100
62800 100
62810 100
62820 100
62830 100
62840 100
62850 100
62860 100
62870 100
62880 100
62890 100
62900 100
62910 100
62920 100
62930 100
62940 100
62950 100
62960 100
62970 100
62980 100
62990 100
63000 100
63010 100
63020 100
63030 100
63040 100
63050 100
63060 100
63070 100
63080 100
63090 100
63100 100
63110 100
63120 100
63130 100
63140 100
63150 100
63160 100
63170 100
63180 100
63190 100
63200 100
63210 100
63220 100
63230 100
63240 100
63250 100
63260 100
63270 100
63280 100
63290 100
63300 100
63310 100
63320 100
63330 100
63340 100
63350 100
63360 100
63370 100
63380 100
63390 100
63400 100
63410 100
63420 100
63430 100
63440 100
63450 100
63460 100
63470 100
63480 100
63490 100
63500 100
63510 100
63520 100
63530 100
63540 100
63550 100
63560 100
63570 100
63580 100
63590 100
63600 100
63610 100
63620 100
63630 100
63640 100
63650 100
63660 100
63670 100
63680 100
63690 100
63700 100
63710 100
63720 100
63730 100
63740 100
63750 100
63760 100
63770 100
63780 100
63790 100
63800 100
63810 100
63820 100
63830 100
63840 100
63850 100
63860 100
63870 100
63880 100
63890 100
63900 100
63910 100
63920 100
63930 100
63940 100
63950 100
63960 100
63970 100
63980 100
63990 100
64000 100
64010 100
64020 100
64030 100
64040 100
64050 100
64060 100
64070 100
64080 100
64090 100
64100 100
64110 100
64120 100
64130 100
64140 100
64150 100
64160 100
64170 100
64180 100
64190 100
64200 100
64210 100
64220 100
64230 100
64240 100
64250 100
64260 100
64270 100
64280 100
64290 100
64300 100
64310 100
64320 100
64330 100
64340 100
64350 100
64360 100
64370 100
64380 100
64390 100
64400 100
64410 100
64420 100
64430 100
64440 100
64450 100
64460 100
64470 100
64480 100
64490 100
64500 100
64510 100
64520 100
64530 100
64540 100
64550 100
64560 100
64570 100
64580 100
64590 100
64600 100
64610 100
64620 100
64630 100
64640 100
64650 100
64660 100
64670 100
64680 100
64690 100
64700 100
64710 100
64720 100
64730 100
64740 100
64750 100
64760 100
64770 100
64780 100
64790 100
64800 100
64810 100
64820 100
64830 100
64840 100
64850 100
64860 100
64870 100
64880 100
64890 100
64900 100
64910 100
64920 100
64930 100
64940 100
64950 100
64960 100
64970 100
64980 100
64990 100
65000 100
65010 100
65020 100
65030 100
65040 100
65050 100
65060 100
65070 100
65080 100
65090 100
65100 100
65110 100
65120 100
65130 100
65140 100
65150 100
65160 100
65170 100
65180 100
65190 100
65200 100
65210 100
65220 100
65230 100
65240 100
65250 100
65260 100
65270 100
65280 100
65290 100
65300 100
65310 100
65320 100
65330 100
65340 100
65350 100
65360 100
65370 100
65380 100
65390 100
65400 100
65410 100
65420 100
65430 100
65440 100
65450 100
65460 100
65470 100
65480 100
65490 100
65500 100
65510 100
65520 100
65530 100
65540 100
65550 100
65560 100
65570 100
65580 100
65590 100
65600 100
65610 100
65620 100
65630 100
65640 100
65650 100
65660 100
65670 100
65680 100
65690 100
65700 100
65710 100
65720 100
65730 100
65740 100
65750 100
65760 100
65770 100
65780 100
65790 100
65800 100
65810 100
65820 100
65830 100
65840 100
65850 100
65860 100
65870 100
65880 100
65890 100
65900 100
65910 100
65920 100
65930 100
65940 100
65950 100
65960 100
65970 100
65980 100
65990 100
66000 100
66010 100
66020 100
66030 100
66040 100
66050 100
66060 100
66070 100
66080 100
66090 100
66100 100
66110 100
66120 100
66130 100
66140 100
66150 100
66160 100
66170 100
66180 100
66190 100
66200 100
66210 100
66220 100
66230 100
66240 100
66250 100
66260 100
66270 100
66280 100
66290 100
66300 100
66310 100
66320 100
66330 100
66340 100
66350 100
66360 100
66370 100
66380 100
66390 100
66400 100
66410 100
66420 100
66430 100
66440 100
66450 100
66460 100
66470 100
66480 100
66490 100
66500 100
66510 100
66520 100
66530 100
66540 100
66550 100
66560 100
66570 100
66580 100
66590 100
66600 100
66610 100
66620 100
66630 100
66640 100
66650 100
66660 100
66670 100
66680 100
66690 100
66700 100
66710 100
66720 100
66730 100
66740 100
66750 100
66760 100
66770 100
66780 100
66790 100
66800 100
66810 100
66820 100
66830 100
66840 100
66850 100
66860 100
66870 100
66880 100
66890 100
66900 100
66910 100
66920 100
66930 100
66940 100
66950 100
66960 100
66970 100
66980 100
66990 100
67000 100
67010 100
67020 100
67030 100
67040 100
67050 100
67060 100
67070 100
67080 100
67090 100
67100 100
67110 100
67120 100
67130 100
67140 100
67150 100
67160 100
67170 100
67180 100
67190 100
67200 100
67210 100
67220 100
67230 100
67240 100
67250 100
67260 100
67270 100
67280 100
67290 100
67300 100
67310 100
67320 100
67330 100
67340 100
67350 100
67360 100
67370 100
67380 100
67390 100
67400 100
67410 100
67420 100
67430 100
67440 100
67450 100
67460 100
67470 100
67480 100
67490 100
67500 100
67510 100
67520 100
67530 100
67540 100
67550 100
67560 100
67570 100
67580 100
67590 100
67600 100
67610 100
67620 100
67630 100
67640 100
67650 100
67660 100
67670 100
67680 100
67690 100
67700 100
67710 100
67720 100
67730 100
67740 100
67750 100
67760 100
67770 100
67780 100
67790 100
67800 100
67810 100
67820 100
67830 100
67840 100
67850 100
67860 100
67870 100
67880 100
67890 100
67900 100
67910 100
67920 100
67930 100
67940 100
67950 100
67960 100
67970 100
67980 100
67990 100
68000 100
68010 100
68020 100
68030 100
68040 100
68050 100
68060 100
68070 100
68080 100
68090 100
68100 100
68110 100
68120 100
68130 100
68140 100
68150 100
68160 100
68170 100
68180 100
68190 100
68200 100
68210 100
68220 100
68230 100
68240 100
68250 100
68260 100
68270 100
68280 100
68290 100
68300 100
68310 100
68320 100
68330 100
68340 100
68350 100
68360 100
68370 100
68380 100
68390 100
68400 100
68410 100
68420 100
68430 100
68440 100
68450 100
68460 100
68470 100
68480 100
68490 100
68500 100
68510 100
68520 100
68530 100
68540 100
68550 100
68560 100
68570 100
68580 100
68590 100
68600 100
68610 100
68620 100
68630 100
68640 100
68650 100
68660 100
68670 100
68680 100
68690 100
68700 100
68710 100
68720 100
68730 100
68740 100
68750 100
68760 100
68770 100
68780 100
68790 100
68800 100
68810 100
68820 100
68830 100
68840 100
68850 100
68860 100
68870 100
68880 100
68890 100
68900 100
68910 100
68920 100
68930 100
68940 100
68950 100
68960 100
68970 100
68980 100
68990 100
69000 100
69010 100
69020 100
69030 100
69040 100
69050 100
69060 100
69070 100
69080 100
69090 100
69100 100
69110 100
69120 100
69130 100
69140 100
69150 100
69160 100
69170 100
69180 100
69190 100
69200 100
69210 100
69220 100
69230 100
69240 100
69250 100
69260 100
69270 100
69280 100
69290 100
69300 100
69310 100
69320 100
69330 100
69340 100
69350 100
69360 100
69370 100
69380 100
69390 100
69400 100
69410 100
69420 100
69430 100
69440 100
69450 100
69460 100
69470 100
69480 100
69490 100
69500 100
69510 100
69520 100
69530 100
69540 100
69550 100
69560 100
69570 100
69580 100
69590 100
69600 100
69610 100
69620 100
69630 100
69640 100
69650 100
69660 100
69670 100
69680 100
69690 100
69700 100
69710 100
69720 100
69730 100
69740 100
69750 100
69760 100
69770 100
69780 100
69790 100
69800 100
69810 100
69820 100
69830 100
69840 100
69850 100
69860 100
69870 100
69880 100
69890 100
69900 100
69910 100
69920 100
69930 100
69940 100
69950 100
69960 100
69970 100
69980 100
69990 100
70000 100
70010 100
70020 100
70030 100
70040 100
70050 100
70060 100
70070 100
70080 100
70090 100
70100 100
70110 100
70120 100
70130 100
70140 100
70150 100
70160 100
70170 100
70180 100
70190 100
70200 100
70210 100
70220 100
70230 100
70240 100
70250 100
70260 100
70270 100
70280 100
70290 100
70300 100
70310 100
70320 100
70330 100
70340 100
70350 100
70360 100
70370 100
70380 100
70390 100
70400 100
70410 100
70420 100
70430 100
70440 100
70450 100
70460 100
70470 100
70480 100
70490 100
70500 100
70510 100
70520 100
70530 100
70540 100
70550 100
70560 100
70570 100
70580 100
70590 100
70600 100
70610 100
70620 100
70630 100
70640 100
70650 100
70660 100
70670 100
70680 100
70690 100
70700 100
70710 100
70720 100
70730 100
70740 100
70750 100
70760 100
70770 100
70780 100
70790 100
70800 100
70810 100
70820 100
70830 100
70840 100
70850 100
70860 100
70870 100
70880 100
70890 100
70900 100
70910 100
70920 100
70930 100
70940 100
70950 100
70960 100
70970 100
70980 100
70990 100
71000 100
71010 100
71020 100
71030 100
71040 100
71050 100
71060 100
71070 100
71080 100
71090 100
71100 100
71110 100
71120 100
71130 100
71140 100
71150 100
71160 100
71170 100
71180 100
71190 100
71200 100
71210 100
71220 100
71230 100
71240 100
71250 100
71260 100
71270 100
71280 100
71290 100
71300 100
71310 100
71320 100
71330 100
71340 100
71350 100
71360 100
71370 100
71380 100
71390 100
71400 100
71410 100
71420 100
71430 100
71440 100
71450 100
71460 100
71470 100
71480 100
71490 100
71500 100
71510 100
71520 100
71530 100
71540 100
71550 100
71560 100
71570 100
71580 100
71590 100
71600 100
71610 100
71620 100
71630 100
71640 100
71650 100
71660 100
71670 100
71680 100
71690 100
71700 100
71710 100
71720 100
71730 100
71740 100
71750 100
71760 100
71770 100
71780 100
71790 100
71800 100
71810 100
71820 100
71830 100
71840 100
71850 100
71860 100
71870 100
71880 100
71890 100
71900 100
71910 100
71920 100
71930 100
71940 100
71950 100
71960 100
71970 100
71980 100
71990 100
72000 100
72010 100
72020 100
72030 100
72040 100
72050 100
72060 100
72070 100
72080 100
72090 100
72100 100
72110 100
72120 100
72130 100
72140 100
72150 100
72160 100
72170 100
72180 100
72190 100
72200 100
72210 100
72220 100
72230 100
72240 100
72250 100
72260 100
72270 100
72280 100
72290 100
72300 100
72310 100
72320 100
72330 100
72340 100
72350 100
72360 100
72370 100
72380 100
72390 100
72400 100
72410 100
72420 100
72430 100
72440 100
72450 100
72460 100
72470 100
72480 100
72490 100
72500 100
72510 100
72520 100
72530 100
72540 100
72550 100
72560 100
72570 100
72580 100
72590 100
72600 100
72610 100
72620 100
72630 100
72640 100
72650 100
72660 100
72670 100
72680 100
72690 100
72700 100
72710 100
72720 100
72730 100
72740 100
72750 100
72760 100
72770 100
72780 100
72790 100
72800 100
72810 100
72820 100
72830 100
72840 100
72850 100
72860 100
72870 100
72880 100
72890 100
72900 100
72910 100
72920 100
72930 100
72940 100
72950 100
72960 100
72970 100
72980 100
72990 100
73000 100
73010 100
73020 100
73030 100
73040 100
73050 100
73060 100
73070 100
73080 100
73090 100
73100 100
73110 100
73120 100
73130 100
73140 100
73150 100
73160 100
73170 100
73180 100
73190 100
73200 100
73210 100
73220 100
73230 100
73240 100
73250 100
73260 100
73270 100
73280 100
73290 100
73300 100
73310 100
73320 100
73330 100
73340 100
73350 100
73360 100
73370 100
73380 100
73390 100
73400 100
73410 100
73420 100
73430 100
73440 100
73450 100
73460 100
73470 100
73480 100
73490 100
73500 100
73510 100
73520 100
73530 100
73540 100
73550 100
73560 100
73570 100
73580 100
73590 100
73600 100
73610 100
73620 100
73630 100
73640 100
73650 100
73660 100
73670 100
73680 100
73690 100
73700 100
73710 100
73720 100
73730 100
73740 100
73750 100
73760 100
73770 100
73780 100
73790 100
73800 100
73810 100
73820 100
73830 100
73840 100
73850 100
73860 100
73870 100
73880 100
73890 100
73900 100
73910 100
73920 100
73930 100
73940 100
73950 100
73960 100
73970 100
73980 100
73990 100
74000 100
74010 100
74020 100
74030 100
74040 100
74050 100
74060 100
74070 100
74080 100
74090 100
74100 100
74110 100
74120 100
74130 100
74140 100
74150 100
74160 100
74170 100
74180 100
74190 100
74200 100
74210 100
74220 100
74230 100
74240 100
74250 100
74260 100
74270 100
74280 100
74290 100
74300 100
74310 100
74320 100
74330 100
74340 100
74350 100
74360 100
74370 100
74380 100
74390 100
74400 100
74410 100
74420 100
74430 100
74440 100
74450 100
74460 100
74470 100
74480 100
74490 100
74500 100
74510 100
74520 100
74530 100
74540 100
74550 100
74560 100
74570 100
74580 100
74590 100
74600 100
74610 100
74620 100
74630 100
74640 100
74650 100
74660 100
74670 100
74680 100
74690 100
74700 100
74710 100
74720 100
74730 100
74740 100
74750 100
74760 100
74770 100
74780 100
74790 100
74800 100
74810 100
74820 100
74830 100
74840 100
74850 100
74860 100
74870 100
74880 100
74890 100
74900 100
74910 100
74920 100
74930 100
74940 100
74950 100
74960 100
74970 100
74980 100
74990 100
75000 100
75010 100
75020 100
75030 100
75040 100
75050 100
75060 100
75070 100
75080 100
75090 100
75100 100
75110 100
75120 100
75130 100
75140 100
75150 100
75160 100
75170 100
75180 100
75190 100
75200 100
75210 100
75220 100
75230 100
75240 100
75250 100
75260 100
75270 100
75280 100
75290 100
75300 100
75310 100
75320 100
75330 100
75340 100
75350 100
75360 100
75370 100
75380 100
75390 100
75400 100
75410 100
75420 100
75430 100
75440 100
75450 100
75460 100
75470 100
75480 100
75490 100
75500 100
75510 100
75520 100
75530 100
75540 100
75550 100
75560 100
75570 100
75580 100
75590 100
75600 100
75610 100
75620 100
75630 100
75640 100
75650 100
75660 100
75670 100
75680 100
75690 100
75700 100
75710 100
75720 100
75730 100
75740 100
75750 100
75760 100
75770 100
75780 100
75790 100
75800 100
75810 100
75820 100
75830 100
75840 100
75850 100
75860 100
75870 100
75880 100
75890 100
75900 100
75910 100
75920 100
75930 100
75940 100
75950 100
75960 100
75970 100
75980 100
75990 100
76000 100
76010 100
76020 100
76030 100
76040 100
76050 100
76060 100
76070 100
76080 100
76090 100
76100 100
76110 100
76120 100
76130 100
76140 100
76150 100
76160 100
76170 100
76180 100
76190 100
76200 100
76210 100
76220 100
76230 100
76240 100
76250 100
76260 100
76270 100
76280 100
76290 100
76300 100
76310 100
76320 100
76330 100
76340 100
76350 100
76360 100
76370 100
76380 100
76390 100
76400 100
76410 100
76420 100
76430 100
76440 100
76450 100
76460 100
76470 100
76480 100
76490 100
76500 100
76510 100
76520 100
76530 100
76540 100
76550 100
76560 100
76570 100
76580 100
76590 100
76600 100
76610 100
76620 100
76630 100
76640 100
76650 100
76660 100
76670 100
76680 100
76690 100
76700 100
76710 100
76720 100
76730 100
76740 100
76750 100
76760 100
76770 100
76780 100
76790 100
76800 100
76810 100
76820 100
76830 100
76840 100
76850 100
76860 100
76870 100
76880 100
76890 100
76900 100
76910 100
76920 100
76930 100
76940 100
76950 100
76960 100
76970 100
76980 100
76990 100
77000 100
77010 100
77020 100
77030 100
77040 100
77050 100
77060 100
77070 100
77080 100
77090 100
77100 100
77110 100
77120 100
77130 100
77140 100
77150 100
77160 100
77170 100
77180 100
77190 100
77200 100
77210 100
77220 100
77230 100
77240 100
77250 100
77260 100
77270 100
77280 100
77290 100
77300 100
77310 100
77320 100
77330 100
77340 100
77350 100
77360 100
77370 100
77380 100
77390 100
77400 100
77410 100
77420 100
77430 100
77440 100
77450 100
77460 100
77470 100
77480 100
77490 100
77500 100
77510 100
77520 100
77530 100
77540 100
77550 100
77560 100
77570 100
77580 100
77590 100
77600 100
77610 100
77620 100
77630 100
77640 100
77650 100
77660 100
77670 100
77680 100
77690 100
77700 100
77710 100
77720 100
77730 100
77740 100
77750 100
77760 100
77770 100
77780 100
77790 100
77800 100
77810 100
77820 100
77830 100
77840 100
77850 100
77860 100
77870 100
77880 100
77890 100
77900 100
77910 100
77920 100
77930 100
77940 100
77950 100
77960 100
77970 100
77980 100
77990 100
78000 100
78010 100
78020 100
78030 100
78040 100
78050 100
78060 100
78070 100
78080 100
78090 100
78100 100
78110 100
78120 100
78130 100
78140 100
78150 100
78160 100
78170 100
78180 100
78190 100
78200 100
78210 100
78220 100
78230 100
78240 100
78250 100
78260 100
78270 100
78280 100
78290 100
78300 100
78310 100
78320 100
78330 100
78340 100
78350 100
78360 100
78370 100
78380 100
78390 100
78400 100
78410 100
78420 100
78430 100
78440 100
78450 100
78460 100
78470 100
78480 100
78490 100
78500 100
78510 100
78520 100
78530 100
78540 100
78550 100
78560 100
78570 100
78580 100
78590 100
78600 100
78610 100
78620 100
78630 100
78640 100
78650 100
78660 100
78670 100
78680 100
78690 100
78700 100
78710 100
78720 100
78730 100
78740 100
78750 100
78760 100
78770 100
78780 100
78790 100
78800 100
78810 100
78820 100
78830 100
78840 100
78850 100
78860 100
78870 100
78880 100
78890 100
78900 100
78910 100
78920 100
78930 100
78940 100
78950 100
78960 100
78970 100
78980 100
78990 100
79000 100
79010 100
79020 100
79030 100
79040 100
79050 100
79060 100
79070 100
79080 100
79090 100
79100 100
79110 100
79120 100
79130 100
79140 100
79150 100
79160 100
79170 100
79180 100
79190 100
79200 100
79210 100
79220 100
79230 100
79240 100
79250 100
79260 100
79270 100
79280 100
79290 100
79300 100
79310 100
79320 100
79330 100
79340 100
79350 100
79360 100
79370 100
79380 100
79390 100
79400 100
79410 100
79420 100
79430 100
79440 100
79450 100
79460 100
79470 100
79480 100
79490 100
79500 100
79510 100
79520 100
79530 100
79540 100
79550 100
79560 100
79570 100
79580 100
79590 100
79600 100
79610 100
79620 100
79630 100
79640 100
79650 100
79660 100
79670 100
79680 100
79690 100
79700 100
79710 100
79720 100
79730 100
79740 100
79750 100
79760 100
79770 100
79780 100
79790 100
79800 100
79810 100
79820 100
79830 100
79840 100
79850 100
79860 100
79870 100
79880 100
79890 100
79900 100
79910 100
79920 100
79930 100
79940 100
79950 100
79960 100
79970 100
79980 100
79990 100
80000 100
80010 100
80020 100
80030 100
80040 100
80050 100
80060 100
80070 100
80080 100
80090 100
80100 100
80110 100
80120 100
80130 100
80140 100
80150 100
80160 100
80170 100
80180 100
80190 100
80200 100
80210 100
80220 100
80230 100
80240 100
80250 100
80260 100
80270 100
80280 100
80290 100
80300 100
80310 100
80320 100
80330 100
80340 100
80350 100
80360 100
80370 100
80380 100
80390 100
80400 100
80410 100
80420 100
80430 100
80440 100
80450 100
80460 100
80470 100
80480 100
80490 100
80500 100
80510 100
80520 100
80530 100
80540 100
80550 100
80560 100
80570 100
80580 100
80590 100
80600 100
80610 100
80620 100
80630 100
80640 100
80650 100
80660 100
80670 100
80680 100
80690 100
80700 100
80710 100
80720 100
80730 100
80740 100
80750 100
80760 100
80770 100
80780 100
80790 100
80800 100
80810 100
80820 100
80830 100
80840 100
80850 100
80860 100
80870 100
80880 100
80890 100
80900 100
80910 100
80920 100
80930 100
80940 100
80950 100
80960 100
80970 100
80980 100
80990 100
81000 100
81010 100
81020 100
81030 100
81040 100
81050 100
81060 100
81070 100
81080 100
81090 100
81100 100
81110 100
81120 100
81130 100
81140 100
81150 100
81160 100
81170 100
81180 100
81190 100
81200 100
81210 100
81220 100
81230 100
81240 100
81250 100
81260 100
81270 100
81280 100
81290 100
81300 100
81310 100
81320 100
81330 100
81340 100
81350 100
81360 100
81370 100
81380 100
81390 100
81400 100
81410 100
81420 100
81430 100
81440 100
81450 100
81460 100
81470 100
81480 100
81490 100
81500 100
81510 100
81520 100
81530 100
81540 100
81550 100
81560 100
81570 100
81580 100
81590 100
81600 100
81610 100
81620 100
81630 100
81640 100
81650 100
81660 100
81670 100
81680 100
81690 100
81700 100
81710 100
81720 100
81730 100
81740 100
81750 100
81760 100
81770 100
81780 100
81790 100
81800 100
81810 100
81820 100
81830 100
81840 100
81850 100
81860 100
81870 100
81880 100
81890 100
81900 100
81910 100
81920 100
81930 100
81940 100
81950 100
81960 100
81970 100
81980 100
81990 100
82000 100
82010 100
82020 100
82030 100
82040 100
82050 100
82060 100
82070 100
82080 100
82090 100
82100 100
82110 100
82120 100
82130 100
82140 100
82150 100
82160 100
82170 100
82180 100
82190 100
82200 100
82210 100
82220 100
82230 100
82240 100
82250 100
82260 100
82270 100
82280 100
82290 100
82300 100
82310 100
82320 100
82330 100
82340 100
82350 100
82360 100
82370 100
82380 100
82390 100
82400 100
82410 100
82420 100
82430 100
82440 100
82450 100
82460 100
82470 100
82480 100
82490 100
82500 100
82510 100
82520 100
82530 100
82540 100
82550 100
82560 100
82570 100
82580 100
82590 100
82600 100
82610 100
82620 100
82630 100
82640 100
82650 100
82660 100
82670 100
82680 100
82690 100
82700 100
82710 100
82720 100
82730 100
82740 100
82750 100
82760 100
82770 100
82780 100
82790 100
82800 100
82810 100
82820 100
82830 100
82840 100
82850 100
82860 100
82870 100
82880 100
82890 100
82900 100
82910 100
82920 100
82930 100
82940 100
82950 100
82960 100
82970 100
82980 100
82990 100
83000 100
83010 100
83020 100
83030 100
83040 100
83050 100
83060 100
83070 100
83080 100
83090 100
83100 100
83110 100
83120 100
83130 100
83140 100
83150 100
83160 100
83170 100
83180 100
83190 100
83200 100
83210 100
83220 100
83230 100
83240 100
83250 100
83260 100
83270 100
83280 100
83290 100
83300 100
83310 100
83320 100
83330 100
83340 100
83350 100
83360 100
83370 100
83380 100
83390 100
83400 100
83410 100
83420 100
83430 100
83440 100
83450 100
83460 100
83470 100
83480 100
83490 100
83500 100
83510 100
83520 100
83530 100
83540 100
83550 100
83560 100
83570 100
83580 100
83590 100
83600 100
83610 100
83620 100
83630 100
83640 100
83650 100
83660 100
83670 100
83680 100
83690 100
83700 100
83710 100
83720 100
83730 100
83740 100
83750 100
83760 100
83770 100
83780 100
83790 100
83800 100
83810 100
83820 100
83830 100
83840 100
83850 100
83860 100
83870 100
83880 100
83890 100
83900 100
83910 100
83920 100
83930 100
83940 100
83950 100
83960 100
83970 100
83980 100
83990 100
84000 100
84010 100
84020 100
84030 100
84040 100
84050 100
84060 100
84070 100
84080 100
84090 100
84100 100
84110 100
84120 100
84130 100
84140 100
84150 100
84160 100
84170 100
84180 100
84190 100
84200 100
84210 100
84220 100
84230 100
84240 100
84250 100
84260 100
84270 100
84280 100
84290 100
84300 100
84310 100
84320 100
84330 100
84340 100
84350 100
84360 100
84370 100
84380 100
84390 100
84400 100
84410 100
84420 100
84430 100
84440 100
84450 100
84460 100
84470 100
84480 100
84490 100
84500 100
84510 100
84520 100
84530 100
84540 100
84550 100
84560 100
84570 100
84580 100
84590 100
84600 100
84610 100
84620 100
84630 100
84640 100
84650 100
84660 100
84670 100
84680 100
84690 100
84700 100
84710 100
84720 100
84730 100
84740 100
84750 100
84760 100
84770 100
84780 100
84790 100
84800 100
84810 100
84820 100
84830 100
84840 100
84850 100
84860 100
84870 100
84880 100
84890 100
84900 100
84910 100
84920 100
84930 100
84940 100
84950 100
84960 100
84970 100
84980 100
84990 100
85000 100
85010 100
85020 100
85030 100
85040 100
85050 100
85060 100
85070 100
85080 100
85090 100
85100 100
85110 100
85120 100
85130 100
85140 100
85150 100
85160 100
85170 100
85180 100
85190 100
85200 100
85210 100
85220 100
85230 100
85240 100
85250 100
85260 100
85270 100
85280 100
85290 100
85300 100
85310 100
85320 100
85330 100
85340 100
85350 100
85360 100
85370 100
85380 100
85390 100
85400 100
85410 100
85420 100
85430 100
85440 100
85450 100
85460 100
85470 100
85480 100
85490 100
85500 100
85510 100
85520 100
85530 100
85540 100
85550 100
85560 100
85570 100
85580 100
85590 100
85600 100
85610 100
85620 100
85630 100
85640 100
85650 100
85660 100
85670 100
85680 100
85690 100
85700 100
85710 100
85720 100
85730 100
85740 100
85750 100
85760 100
85770 100
85780 100
85790 100
85800 100
85810 100
85820 100
85830 100
85840 100
85850 100
85860 100
85870 100
85880 100
85890 100
85900 100
85910 100
85920 100
85930 100
85940 100
85950 100
85960 100
85970 100
85980 100
85990 100
86000 100
86010 100
86020 100
86030 100
86040 100
86050 100
86060 100
86070 100
86080 100
86090 100
86100 100
86110 100
86120 100
86130 100
86140 100
86150 100
86160 100
86170 100
86180 100
86190 100
86200 100
86210 100
86220 100
86230 100
86240 100
86250 100
86260 100
86270 100
86280 100
86290 100
86300 100
86310 100
86320 100
86330 100
86340 100
86350 100
86360 100
86370 100
86380 100
86390 100
86400 100
86410 100
86420 100
86430 100
86440 100
86450 100
86460 100
86470 100
86480 100
86490 100
86500 100
86510 100
86520 100
86530 100
86540 100
86550 100
86560 100
86570 100
86580 100
86590 100
86600 100
86610 100
86620 100
86630 100
86640 100
86650 100
86660 100
86670 100
86680 100
86690 100
86700 100
86710 100
86720 100
86730 100
86740 100
86750 100
86760 100
86770 100
86780 100
86790 100
86800 100
86810 100
86820 100
86830 100
86840 100
86850 100
86860 100
86870 100
86880 100
86890 100
86900 100
86910 100
86920 100
86930 100
86940 100
86950 100
86960 100
86970 100
86980 100
86990 100
87000 100
87010 100
87020 100
87030 100
87040 100
87050 100
87060 100
87070 100
87080 100
87090 100
87100 100
87110 100
87120 100
87130 100
87140 100
87150 100
87160 100
87170 100
87180 100
87190 100
87200 100
87210 100
87220 100
87230 100
87240 100
87250 100
87260 100
87270 100
87280 100
87290 100
87300 100
87310 100
87320 100
87330 100
87340 100
87350 100
87360 100
87370 100
87380 100
87390 100
87400 100
87410 100
87420 100
87430 100
87440 100
87450 100
87460 100
87470 100
87480 100
87490 100
87500 100
87510 100
87520 100
87530 100
87540 100
87550 100
87560 100
87570 100
87580 100
87590 100
87600 100
87610 100
87620 100
87630 100
87640 100
87650 100
87660 100
87670 100
87680 100
87690 100
87700 100
87710 100
87720 100
87730 100
87740 100
87750 100
87760 100
87770 100
87780 100
87790 100
87800 100
87810 100
87820 100
87830 100
87840 100
87850 100
87860 100
87870 100
87880 100
87890 100
87900 100
87910 100
87920 100
87930 100
87940 100
87950 100
87960 100
87970 100
87980 100
87990 100
88000 100
88010 100
88020 100
88030 100
88040 100
88050 100
88060 100
88070 100
88080 100
88090 100
88100 100
88110 100
88120 100
88130 100
88140 100
88150 100
88160 100
88170 100
88180 100
88190 100
88200 100
88210 100
88220 100
88230 100
88240 100
88250 100
88260 100
88270 100
88280 100
88290 100
88300 100
88310 100
88320 100
88330 100
88340 100
88350 100
88360 100
88370 100
88380 100
88390 100
88400 100
88410 100
88420 100
88430 100
88440 100
88450 100
88460 100
88470 100
88480 100
88490 100
88500 100
88510 100
88520 100
88530 100
88540 100
88550 100
88560 100
88570 100
88580 100
88590 100
88600 100
88610 100
88620 100
88630 100
88640 100
88650 100
88660 100
88670 100
88680 100
88690 100
88700 100
88710 100
88720 100
88730 100
88740 100
88750 100
88760 100
88770 100
88780 100
88790 100
88800 100
88810 100
88820 100
88830 100
88840 100
88850 100
88860 100
88870 100
88880 100
88890 100
88900 100
88910 100
88920 100
88930 100
88940 100
88950 100
88960 100
88970 100
88980 100
88990 100
89000 100
89010 100
89020 100
89030 100
89040 100
89050 100
89060 100
89070 100
89080 100
89090 100
89100 100
89110 100
89120 100
89130 100
89140 100
89150 100
89160 100
89170 100
89180 100
89190 100
89200 100
89210 100
89220 100
89230 100
89240 100
89250 100
89260 100
89270 100
89280 100
89290 100
89300 100
89310 100
89320 100
89330 100
89340 100
89350 100
89360 100
89370 100
89380 100
89390 100
89400 100
89410 100
89420 100
89430 100
89440 100
89450 100
89460 100
89470 100
89480 100
89490 100
89500 100
89510 100
89520 100
89530 100
89540 100
89550 100
89560 100
89570 100
89580 100
89590 100
89600 100
89610 100
89620 100
89630 100
89640 100
89650 100
89660 100
89670 100
89680 100
89690 100
89700 100
89710 100
89720 100
89730 100
89740 100
89750 100
89760 100
89770 100
89780 100
89790 100
89800 100
89810 100
89820 100
89830 100
89840 100
89850 100
89860 100
89870 100
89880 100
89890 100
89900 100
89910 100
89920 100
89930 100
89940 100
89950 100
89960 100
89970 100
89980 100
89990 100
90000 100
90010 100
90020 100
90030 100
90040 100
90050 100
90060 100
90070 100
90080 100
90090 100
90100 100
90110 100
90120 100
90130 100
90140 100
90150 100
90160 100
90170 100
90180 100
90190 100
90200 100
90210 100
90220 100
90230 100
90240 100
90250 100
90260 100
90270 100
90280 100
90290 100
90300 100
90310 100
90320 100
90330 100
90340 100
90350 100
90360 100
90370 100
90380 100
90390 100
90400 100
90410 100
90420 100
90430 100
90440 100
90450 100
90460 100
90470 100
90480 100
90490 100
90500 100
90510 100
90520 100
90530 100
90540 100
90550 100
90560 100
90570 100
90580 100
90590 100
90600 100
90610 100
90620 100
90630 100
90640 100
90650 100
90660 100
90670 100
90680 100
90690 100
90700 100
90710 100
90720 100
90730 100
90740 100
90750 100
90760 100
90770 100
90780 100
90790 100
90800 100
90810 100
90820 100
90830 100
90840 100
90850 100
90860 100
90870 100
90880 100
90890 100
90900 100
90910 100
90920 100
90930 100
90940 100
90950 100
90960 100
90970 100
90980 100
90990 100
91000 100
91010 100
91020 100
91030 100
91040 100
91050 100
91060 100
91070 100
91080 100
91090 100
91100 100
91110 100
91120 100
91130 100
91140 100
91150 100
91160 100
91170 100
91180 100
91190 100
91200 100
91210 100
91220 100
91230 100
91240 100
91250 100
91260 100
91270 100
91280 100
91290 100
91300 100
91310 100
91320 100
91330 100
91340 100
91350 100
91360 100
91370 100
91380 100
91390 100
91400 100
91410 100
91420 100
91430 100
91440 100
91450 100
91460 100
91470 100
91480 100
91490 100
91500 100
91510 100
91520 100
91530 100
91540 100
91550 100
91560 100
91570 100
91580 100
91590 100
91600 100
91610 100
91620 100
91630 100
91640 100
91650 100
91660 100
91670 100
91680 100
91690 100
91700 100
91710 100
91720 100
91730 100
91740 100
91750 100
91760 100
91770 100
91780 100
91790 100
91800 100
91810 100
91820 100
91830 100
91840 100
91850 100
91860 100
91870 100
91880 100
91890 100
91900 100
91910 100
91920 100
91930 100
91940 100
91950 100
91960 100
91970 100
91980 100
91990 100
92000 100
92010 100
92020 100
92030 100
92040 100
92050 100
92060 100
92070 100
92080 100
92090 100
92100 100
92110 100
92120 100
92130 100
92140 100
92150 100
92160 100
92170 100
92180 100
92190 100
92200 100
92210 100
92220 100
92230 100
92240 100
92250 100
92260 100
92270 100
92280 100
92290 100
92300 100
92310 100
92320 100
92330 100
92340 100
92350 100
92360 100
92370 100
92380 100
92390 100
92400 100
92410 100
92420 100
92430 100
92440 100
92450 100
92460 100
92470 100
92480 100
92490 100
92500 100
92510 100
92520 100
92530 100
92540 100
92550 100
92560 100
92570 100
92580 100
92590 100
92600 100
92610 100
92620 100
92630 100
92640 100
92650 100
92660 100
92670 100
92680 100
92690 100
92700 100
92710 100
92720 100
92730 100
92740 100
92750 100
92760 100
92770 100
92780 100
92790 100
92800 100
92810 100
92820 100
92830 100
92840 100
92850 100
92860 100
92870 100
92880 100
92890 100
92900 100
92910 100
92920 100
92930 100
92940 100
92950 100
92960 100
92970 100
92980 100
92990 100
93000 100
93010 100
93020 100
93030 100
93040 100
93050 100
93060 100
93070 100
93080 100
93090 100
93100 100
93110 100
93120 100
93130 100
93140 100
93150 100
93160 100
93170 100
93180 100
93190 100
93200 100
93210 100
93220 100
93230 100
93240 100
93250 100
93260 100
93270 100
93280 100
93290 100
93300 100
93310 100
93320 100
93330 100
93340 100
93350 100
93360 100
93370 100
93380 100
93390 100
93400 100
93410 100
93420 100
93430 100
93440 100
93450 100
93460 100
93470 100
93480 100
93490 100
93500 100
93510 100
93520 100
93530 100
93540 100
93550 100
93560 100
93570 100
93580 100
93590 100
93600 100
93610 100
93620 100
93630 100
93640 100
93650 100
93660 100
93670 100
93680 100
93690 100
93700 100
93710 100
93720 100
93730 100
93740 100
93750 100
93760 100
93770 100
93780 100
93790 100
93800 100
93810 100
93820 100
93830 100
93840 100
93850 100
93860 100
93870 100
93880 100
93890 100
93900 100
93910 100
93920 100
93930 100
93940 100
93950 100
93960 100
93970 100
93980 100
93990 100
94000 100
94010 100
94020 100
94030 100
94040 100
94050 100
94060 100
94070 100
94080 100
94090 100
94100 100
94110 100
94120 100
94130 100
94140 100
94150 100
94160 100
94170 100
94180 100
94190 100
94200 100
94210 100
94220 100
94230 100
94240 100
94250 100
94260 100
94270 100
94280 100
94290 100
94300 100
94310 100
94320 100
94330 100
94340 100
94350 100
94360 100
94370 100
94380 100
94390 100
94400 100
94410 100
94420 100
94430 100
94440 100
94450 100
94460 100
94470 100
94480 100
94490 100
94500 100
94510 100
94520 100
94530 100
94540 100
94550 100
94560 100
94570 100
94580 100
94590 100
94600 100
94610 100
94620 100
94630 100
94640 100
94650 100
94660 100
94670 100
94680 100
94690 100
94700 100
94710 100
94720 100
94730 100
94740 100
94750 100
94760 100
94770 100
94780 100
94790 100
94800 100
94810 100
94820 100
94830 100
94840 100
94850 100
94860 100
94870 100
94880 100
94890 100
94900 100
94910 100
94920 100
94930 100
94940 100
94950 100
94960 100
94970 100
94980 100
94990 100
95000 100
95010 100
95020 100
95030 100
95040 100
95050 100
95060 100
95070 100
95080 100
95090 100
95100 100
95110 100
95120 100
95130 100
95140 100
95150 100
95160 100
95170 100
95180 100
95190 100
95200 100
95210 100
95220 100
95230 100
95240 100
95250 100
95260 100
95270 100
95280 100
95290 100
95300 100
95310 100
95320 100
95330 100
95340 100
95350 100
95360 100
95370 100
95380 100
95390 100
95400 100
95410 100
95420 100
95430 100
95440 100
95450 100
95460 100
95470 100
95480 100
95490 100
95500 100
95510 100
95520 100
95530 100
95540 100
95550 100
95560 100
95570 100
95580 100
95590 100
95600 100
95610 100
95620 100
95630 100
95640 100
95650 100
95660 100
95670 100
95680 100
95690 100
95700 100
95710 100
95720 100
95730 100
95740 100
95750 100
95760 100
95770 100
95780 100
95790 100
95800 100
95810 100
95820 100
95830 100
95840 100
95850 100
95860 100
95870 100
95880 100
95890 100
95900 100
95910 100
95920 100
95930 100
95940 100
95950 100
95960 100
95970 100
95980 100
95990 100
96000 100
96010 100
96020 100
96030 100
96040 100
96050 100
96060 100
96070 100
96080 100
96090 100
96100 100
96110 100
96120 100
96130 100
96140 100
96150 100
96160 100
96170 100
96180 100
96190 100
96200 100
96210 100
96220 100
96230 100
96240 100
96250 100
96260 100
96270 100
96280 100
96290 100
96300 100
96310 100
96320 100
96330 100
96340 100
96350 100
96360 100
96370 100
96380 100
96390 100
96400 100
96410 100
96420 100
96430 100
96440 100
96450 100
96460 100
96470 100
96480 100
96490 100
96500 100
96510 100
96520 100
96530 100
96540 100
96550 100
96560 100
96570 100
96580 100
96590 100
96600 100
96610 100
96620 100
96630 100
96640 100
96650 100
96660 100
96670 100
96680 100
96690 100
96700 100
96710 100
96720 100
96730 100
96740 100
96750 100
96760 100
96770 100
96780 100
96790 100
96800 100
96810 100
96820 100
96830 100
96840 100
96850 100
96860 100
96870 100
96880 100
96890 100
96900 100
96910 100
96920 100
96930 100
96940 100
96950 100
96960 100
96970 100
96980 100
96990 100
97000 100
97010 100
97020 100
97030 100
97040 100
97050 100
97060 100
97070 100
97080 100
97090 100
97100 100
97110 100
97120 100
97130 100
97140 100
97150 100
97160 100
97170 100
97180 100
97190 100
97200 100
97210 100
97220 100
97230 100
97240 100
97250 100
97260 100
97270 100
97280 100
97290 100
97300 100
97310 100
97320 100
97330 100
97340 100
97350 100
97360 100
97370 100
97380 100
97390 100
97400 100
97410 100
97420 100
97430 100
97440 100
97450 100
97460 100
97470 100
97480 100
97490 100
97500 100
97510 100
97520 100
97530 100
97540 100
97550 100
97560 100
97570 100
97580 100
97590 100
97600 100
97610 100
97620 100
97630 100
97640 100
97650 100
97660 100
97670 100
97680 100
97690 100
97700 100
97710 100
97720 100
97730 100
97740 100
97750 100
97760 100
97770 100
97780 100
97790 100
97800 100
97810 100
97820 100
97830 100
97840 100
97850 100
97860 100
97870 100
97880 100
97890 100
97900 100
97910 100
97920 100
97930 100
97940 100
97950 100
97960 100
97970 100
97980 100
97990 100
98000 100
98010 100
98020 100
98030 100
98040 100
98050 100
98060 100
98070 100
98080 100
98090 100
98100 100
98110 100
98120 100
98130 100
98140 100
98150 100
98160 100
98170 100
98180 100
98190 100
98200 100
98210 100
98220 100
98230 100
98240 100
98250 100
98260 100
98270 100
98280 100
98290 100
98300 100
98310 100
98320 100
98330 100
98340 100
98350 100
98360 100
98370 100
98380 100
98390 100
98400 100
98410 100
98420 100
98430 100
98440 100
98450 100
98460 100
98470 100
98480 100
98490 100
98500 100
98510 100
98520 100
98530 100
98540 100
98550 100
98560 100
98570 100
98580 100
98590 100
98600 100
98610 100
98620 100
98630 100
98640 100
98650 100
98660 100
98670 100
98680 100
98690 100
98700 100
98710 100
98720 100
98730 100
98740 100
98750 100
98760 100
98770 100
98780 100
98790 100
98800 100
98810 100
98820 100
98830 100
98840 100
98850 100
98860 100
98870 100
98880 100
98890 100
98900 100
98910 100
98920 100
98930 100
98940 100
98950 100
98960 100
98970 100
98980 100
98990 100
99000 100
99010 100
99020 100
99030 100
99040 100
99050 100
99060 100
99070 100
99080 100
99090 100
99100 100
99110 100
99120 100
99130 100
99140 100
99150 100
99160 100
99170 100
99180 100
99190 100
99200 100
99210 100
99220 100
99230 100
99240 100
99250 100
99260 100
99270 100
99280 100
99290 100
99300 100
99310 100
99320 100
99330 100
99340 100
99350 100
99360 100
99370 100
99380 100
99390 100
99400 100
99410 100
99420 100
99430 100
99440 100
99450 100
99460 100
99470 100
99480 100
99490 100
99500 100
99510 100
99520 100
99530 100
99540 100
99550 100
99560 100
99570 100
99580 100
99590 100
99600 100
99610 100
99620 100
99630 100
99640 100
99650 100
99660 100
99670 100
99680 100
99690 100
99700 100
99710 100
99720 100
99730 100
99740 100
99750 100
99760 100
99770 100
99780 100
99790 100
99800 100
99810 100
99820 100
99830 100
99840 100
99850 100
99860 100
99870 100
99880 100
99890 100
99900 100
99910 100
99920 100
99930 100
99940 100
99950 100
99960 100
99970 100
99980 100
99990 100
