10000
0 0
13 100
26 0
39 100
52 0
65 100
78 0
91 100
104 0
117 100
130 0
143 100
156 0
169 100
182 0
195 100
208 0
221 100
234 0
247 100
260 0
273 100
286 0
299 100
312 0
325 100
338 0
351 100
364 0
377 100
390 0
403 100
416 0
429 100
442 0
455 100
468 0
481 100
494 0
507 100
520 0
533 100
546 0
559 100
572 0
585 100
598 0
611 100
624 0
637 100
650 0
663 100
676 0
689 100
702 0
715 100
728 0
741 100
754 0
767 100
780 0
793 100
806 0
819 100
832 0
845 100
858 0
871 100
884 0
897 100
910 0
923 100
936 0
949 100
962 0
975 100
988 0
1001 100
1014 0
1027 100
1040 0
1053 100
1066 0
1079 100
1092 0
1105 100
1118 0
1131 100
1144 0
1157 100
1170 0
1183 100
1196 0
1209 100
1222 0
1235 100
1248 0
1261 100
1274 0
1287 100
1300 0
1313 100
1326 0
1339 100
1352 0
1365 100
1378 0
1391 100
1404 0
1417 100
1430 0
1443 100
1456 0
1469 100
1482 0
1495 100
1508 0
1521 100
1534 0
1547 100
1560 0
1573 100
1586 0
1599 100
1612 0
1625 100
1638 0
1651 100
1664 0
1677 100
1690 0
1703 100
1716 0
1729 100
1742 0
1755 100
1768 0
1781 100
1794 0
1807 100
1820 0
1833 100
1846 0
1859 100
1872 0
1885 100
1898 0
1911 100
1924 0
1937 100
1950 0
1963 100
1976 0
1989 100
2002 0
2015 100
2028 0
2041 100
2054 0
2067 100
2080 0
2093 100
2106 0
2119 100
2132 0
2145 100
2158 0
2171 100
2184 0
2197 100
2210 0
2223 100
2236 0
2249 100
2262 0
2275 100
2288 0
2301 100
2314 0
2327 100
2340 0
2353 100
2366 0
2379 100
2392 0
2405 100
2418 0
2431 100
2444 0
2457 100
2470 0
2483 100
2496 0
2509 100
2522 0
2535 100
2548 0
2561 100
2574 0
2587 100
2600 0
2613 100
2626 0
2639 100
2652 0
2665 100
2678 0
2691 100
2704 0
2717 100
2730 0
2743 100
2756 0
2769 100
2782 0
2795 100
2808 0
2821 100
2834 0
2847 100
2860 0
2873 100
2886 0
2899 100
2912 0
2925 100
2938 0
2951 100
2964 0
2977 100
2990 0
3003 100
3016 0
3029 100
3042 0
3055 100
3068 0
3081 100
3094 0
3107 100
3120 0
3133 100
3146 0
3159 100
3172 0
3185 100
3198 0
3211 100
3224 0
3237 100
3250 0
3263 100
3276 0
3289 100
3302 0
3315 100
3328 0
3341 100
3354 0
3367 100
3380 0
3393 100
3406 0
3419 100
3432 0
3445 100
3458 0
3471 100
3484 0
3497 100
3510 0
3523 100
3536 0
3549 100
3562 0
3575 100
3588 0
3601 100
3614 0
3627 100
3640 0
3653 100
3666 0
3679 100
3692 0
3705 100
3718 0
3731 100
3744 0
3757 100
3770 0
3783 100
3796 0
3809 100
3822 0
3835 100
3848 0
3861 100
3874 0
3887 100
3900 0
3913 100
3926 0
3939 100
3952 0
3965 100
3978 0
3991 100
4004 0
4017 100
4030 0
4043 100
4056 0
4069 100
4082 0
4095 100
4108 0
4121 100
4134 0
4147 100
4160 0
4173 100
4186 0
4199 100
4212 0
4225 100
4238 0
4251 100
4264 0
4277 100
4290 0
4303 100
4316 0
4329 100
4342 0
4355 100
4368 0
4381 100
4394 0
4407 100
4420 0
4433 100
4446 0
4459 100
4472 0
4485 100
4498 0
4511 100
4524 0
4537 100
4550 0
4563 100
4576 0
4589 100
4602 0
4615 100
4628 0
4641 100
4654 0
4667 100
4680 0
4693 100
4706 0
4719 100
4732 0
4745 100
4758 0
4771 100
4784 0
4797 100
4810 0
4823 100
4836 0
4849 100
4862 0
4875 100
4888 0
4901 100
4914 0
4927 100
4940 0
4953 100
4966 0
4979 100
4992 0
5005 100
5018 0
5031 100
5044 0
5057 100
5070 0
5083 100
5096 0
5109 100
5122 0
5135 100
5148 0
5161 100
5174 0
5187 100
5200 0
5213 100
5226 0
5239 100
5252 0
5265 100
5278 0
5291 100
5304 0
5317 100
5330 0
5343 100
5356 0
5369 100
5382 0
5395 100
5408 0
5421 100
5434 0
5447 100
5460 0
5473 100
5486 0
5499 100
5512 0
5525 100
5538 0
5551 100
5564 0
5577 100
5590 0
5603 100
5616 0
5629 100
5642 0
5655 100
5668 0
5681 100
5694 0
5707 100
5720 0
5733 100
5746 0
5759 100
5772 0
5785 100
5798 0
5811 100
5824 0
5837 100
5850 0
5863 100
5876 0
5889 100
5902 0
5915 100
5928 0
5941 100
5954 0
5967 100
5980 0
5993 100
6006 0
6019 100
6032 0
6045 100
6058 0
6071 100
6084 0
6097 100
6110 0
6123 100
6136 0
6149 100
6162 0
6175 100
6188 0
6201 100
6214 0
6227 100
6240 0
6253 100
6266 0
6279 100
6292 0
6305 100
6318 0
6331 100
6344 0
6357 100
6370 0
6383 100
6396 0
6409 100
6422 0
6435 100
6448 0
6461 100
6474 0
6487 100
6500 0
6513 100
6526 0
6539 100
6552 0
6565 100
6578 0
6591 100
6604 0
6617 100
6630 0
6643 100
6656 0
6669 100
6682 0
6695 100
6708 0
6721 100
6734 0
6747 100
6760 0
6773 100
6786 0
6799 100
6812 0
6825 100
6838 0
6851 100
6864 0
6877 100
6890 0
6903 100
6916 0
6929 100
6942 0
6955 100
6968 0
6981 100
6994 0
7007 100
7020 0
7033 100
7046 0
7059 100
7072 0
7085 100
7098 0
7111 100
7124 0
7137 100
7150 0
7163 100
7176 0
7189 100
7202 0
7215 100
7228 0
7241 100
7254 0
7267 100
7280 0
7293 100
7306 0
7319 100
7332 0
7345 100
7358 0
7371 100
7384 0
7397 100
7410 0
7423 100
7436 0
7449 100
7462 0
7475 100
7488 0
7501 100
7514 0
7527 100
7540 0
7553 100
7566 0
7579 100
7592 0
7605 100
7618 0
7631 100
7644 0
7657 100
7670 0
7683 100
7696 0
7709 100
7722 0
7735 100
7748 0
7761 100
7774 0
7787 100
7800 0
7813 100
7826 0
7839 100
7852 0
7865 100
7878 0
7891 100
7904 0
7917 100
7930 0
7943 100
7956 0
7969 100
7982 0
7995 100
8008 0
8021 100
8034 0
8047 100
8060 0
8073 100
8086 0
8099 100
8112 0
8125 100
8138 0
8151 100
8164 0
8177 100
8190 0
8203 100
8216 0
8229 100
8242 0
8255 100
8268 0
8281 100
8294 0
8307 100
8320 0
8333 100
8346 0
8359 100
8372 0
8385 100
8398 0
8411 100
8424 0
8437 100
8450 0
8463 100
8476 0
8489 100
8502 0
8515 100
8528 0
8541 100
8554 0
8567 100
8580 0
8593 100
8606 0
8619 100
8632 0
8645 100
8658 0
8671 100
8684 0
8697 100
8710 0
8723 100
8736 0
8749 100
8762 0
8775 100
8788 0
8801 100
8814 0
8827 100
8840 0
8853 100
8866 0
8879 100
8892 0
8905 100
8918 0
8931 100
8944 0
8957 100
8970 0
8983 100
8996 0
9009 100
9022 0
9035 100
9048 0
9061 100
9074 0
9087 100
9100 0
9113 100
9126 0
9139 100
9152 0
9165 100
9178 0
9191 100
9204 0
9217 100
9230 0
9243 100
9256 0
9269 100
9282 0
9295 100
9308 0
9321 100
9334 0
9347 100
9360 0
9373 100
9386 0
9399 100
9412 0
9425 100
9438 0
9451 100
9464 0
9477 100
9490 0
9503 100
9516 0
9529 100
9542 0
9555 100
9568 0
9581 100
9594 0
9607 100
9620 0
9633 100
9646 0
9659 100
9672 0
9685 100
9698 0
9711 100
9724 0
9737 100
9750 0
9763 100
9776 0
9789 100
9802 0
9815 100
9828 0
9841 100
9854 0
9867 100
9880 0
9893 100
9906 0
9919 100
9932 0
9945 100
9958 0
9971 100
9984 0
9997 100
10010 0
10023 100
10036 0
10049 100
10062 0
10075 100
10088 0
10101 100
10114 0
10127 100
10140 0
10153 100
10166 0
10179 100
10192 0
10205 100
10218 0
10231 100
10244 0
10257 100
10270 0
10283 100
10296 0
10309 100
10322 0
10335 100
10348 0
10361 100
10374 0
10387 100
10400 0
10413 100
10426 0
10439 100
10452 0
10465 100
10478 0
10491 100
10504 0
10517 100
10530 0
10543 100
10556 0
10569 100
10582 0
10595 100
10608 0
10621 100
10634 0
10647 100
10660 0
10673 100
10686 0
10699 100
10712 0
10725 100
10738 0
10751 100
10764 0
10777 100
10790 0
10803 100
10816 0
10829 100
10842 0
10855 100
10868 0
10881 100
10894 0
10907 100
10920 0
10933 100
10946 0
10959 100
10972 0
10985 100
10998 0
11011 100
11024 0
11037 100
11050 0
11063 100
11076 0
11089 100
11102 0
11115 100
11128 0
11141 100
11154 0
11167 100
11180 0
11193 100
11206 0
11219 100
11232 0
11245 100
11258 0
11271 100
11284 0
11297 100
11310 0
11323 100
11336 0
11349 100
11362 0
11375 100
11388 0
11401 100
11414 0
11427 100
11440 0
11453 100
11466 0
11479 100
11492 0
11505 100
11518 0
11531 100
11544 0
11557 100
11570 0
11583 100
11596 0
11609 100
11622 0
11635 100
11648 0
11661 100
11674 0
11687 100
11700 0
11713 100
11726 0
11739 100
11752 0
11765 100
11778 0
11791 100
11804 0
11817 100
11830 0
11843 100
11856 0
11869 100
11882 0
11895 100
11908 0
11921 100
11934 0
11947 100
11960 0
11973 100
11986 0
11999 100
12012 0
12025 100
12038 0
12051 100
12064 0
12077 100
12090 0
12103 100
12116 0
12129 100
12142 0
12155 100
12168 0
12181 100
12194 0
12207 100
12220 0
12233 100
12246 0
12259 100
12272 0
12285 100
12298 0
12311 100
12324 0
12337 100
12350 0
12363 100
12376 0
12389 100
12402 0
12415 100
12428 0
12441 100
12454 0
12467 100
12480 0
12493 100
12506 0
12519 100
12532 0
12545 100
12558 0
12571 100
12584 0
12597 100
12610 0
12623 100
12636 0
12649 100
12662 0
12675 100
12688 0
12701 100
12714 0
12727 100
12740 0
12753 100
12766 0
12779 100
12792 0
12805 100
12818 0
12831 100
12844 0
12857 100
12870 0
12883 100
12896 0
12909 100
12922 0
12935 100
12948 0
12961 100
12974 0
12987 100
13000 0
13013 100
13026 0
13039 100
13052 0
13065 100
13078 0
13091 100
13104 0
13117 100
13130 0
13143 100
13156 0
13169 100
13182 0
13195 100
13208 0
13221 100
13234 0
13247 100
13260 0
13273 100
13286 0
13299 100
13312 0
13325 100
13338 0
13351 100
13364 0
13377 100
13390 0
13403 100
13416 0
13429 100
13442 0
13455 100
13468 0
13481 100
13494 0
13507 100
13520 0
13533 100
13546 0
13559 100
13572 0
13585 100
13598 0
13611 100
13624 0
13637 100
13650 0
13663 100
13676 0
13689 100
13702 0
13715 100
13728 0
13741 100
13754 0
13767 100
13780 0
13793 100
13806 0
13819 100
13832 0
13845 100
13858 0
13871 100
13884 0
13897 100
13910 0
13923 100
13936 0
13949 100
13962 0
13975 100
13988 0
14001 100
14014 0
14027 100
14040 0
14053 100
14066 0
14079 100
14092 0
14105 100
14118 0
14131 100
14144 0
14157 100
14170 0
14183 100
14196 0
14209 100
14222 0
14235 100
14248 0
14261 100
14274 0
14287 100
14300 0
14313 100
14326 0
14339 100
14352 0
14365 100
14378 0
14391 100
14404 0
14417 100
14430 0
14443 100
14456 0
14469 100
14482 0
14495 100
14508 0
14521 100
14534 0
14547 100
14560 0
14573 100
14586 0
14599 100
14612 0
14625 100
14638 0
14651 100
14664 0
14677 100
14690 0
14703 100
14716 0
14729 100
14742 0
14755 100
14768 0
14781 100
14794 0
14807 100
14820 0
14833 100
14846 0
14859 100
14872 0
14885 100
14898 0
14911 100
14924 0
14937 100
14950 0
14963 100
14976 0
14989 100
15002 0
15015 100
15028 0
15041 100
15054 0
15067 100
15080 0
15093 100
15106 0
15119 100
15132 0
15145 100
15158 0
15171 100
15184 0
15197 100
15210 0
15223 100
15236 0
15249 100
15262 0
15275 100
15288 0
15301 100
15314 0
15327 100
15340 0
15353 100
15366 0
15379 100
15392 0
15405 100
15418 0
15431 100
15444 0
15457 100
15470 0
15483 100
15496 0
15509 100
15522 0
15535 100
15548 0
15561 100
15574 0
15587 100
15600 0
15613 100
15626 0
15639 100
15652 0
15665 100
15678 0
15691 100
15704 0
15717 100
15730 0
15743 100
15756 0
15769 100
15782 0
15795 100
15808 0
15821 100
15834 0
15847 100
15860 0
15873 100
15886 0
15899 100
15912 0
15925 100
15938 0
15951 100
15964 0
15977 100
15990 0
16003 100
16016 0
16029 100
16042 0
16055 100
16068 0
16081 100
16094 0
16107 100
16120 0
16133 100
16146 0
16159 100
16172 0
16185 100
16198 0
16211 100
16224 0
16237 100
16250 0
16263 100
16276 0
16289 100
16302 0
16315 100
16328 0
16341 100
16354 0
16367 100
16380 0
16393 100
16406 0
16419 100
16432 0
16445 100
16458 0
16471 100
16484 0
16497 100
16510 0
16523 100
16536 0
16549 100
16562 0
16575 100
16588 0
16601 100
16614 0
16627 100
16640 0
16653 100
16666 0
16679 100
16692 0
16705 100
16718 0
16731 100
16744 0
16757 100
16770 0
16783 100
16796 0
16809 100
16822 0
16835 100
16848 0
16861 100
16874 0
16887 100
16900 0
16913 100
16926 0
16939 100
16952 0
16965 100
16978 0
16991 100
17004 0
17017 100
17030 0
17043 100
17056 0
17069 100
17082 0
17095 100
17108 0
17121 100
17134 0
17147 100
17160 0
17173 100
17186 0
17199 100
17212 0
17225 100
17238 0
17251 100
17264 0
17277 100
17290 0
17303 100
17316 0
17329 100
17342 0
17355 100
17368 0
17381 100
17394 0
17407 100
17420 0
17433 100
17446 0
17459 100
17472 0
17485 100
17498 0
17511 100
17524 0
17537 100
17550 0
17563 100
17576 0
17589 100
17602 0
17615 100
17628 0
17641 100
17654 0
17667 100
17680 0
17693 100
17706 0
17719 100
17732 0
17745 100
17758 0
17771 100
17784 0
17797 100
17810 0
17823 100
17836 0
17849 100
17862 0
17875 100
17888 0
17901 100
17914 0
17927 100
17940 0
17953 100
17966 0
17979 100
17992 0
18005 100
18018 0
18031 100
18044 0
18057 100
18070 0
18083 100
18096 0
18109 100
18122 0
18135 100
18148 0
18161 100
18174 0
18187 100
18200 0
18213 100
18226 0
18239 100
18252 0
18265 100
18278 0
18291 100
18304 0
18317 100
18330 0
18343 100
18356 0
18369 100
18382 0
18395 100
18408 0
18421 100
18434 0
18447 100
18460 0
18473 100
18486 0
18499 100
18512 0
18525 100
18538 0
18551 100
18564 0
18577 100
18590 0
18603 100
18616 0
18629 100
18642 0
18655 100
18668 0
18681 100
18694 0
18707 100
18720 0
18733 100
18746 0
18759 100
18772 0
18785 100
18798 0
18811 100
18824 0
18837 100
18850 0
18863 100
18876 0
18889 100
18902 0
18915 100
18928 0
18941 100
18954 0
18967 100
18980 0
18993 100
19006 0
19019 100
19032 0
19045 100
19058 0
19071 100
19084 0
19097 100
19110 0
19123 100
19136 0
19149 100
19162 0
19175 100
19188 0
19201 100
19214 0
19227 100
19240 0
19253 100
19266 0
19279 100
19292 0
19305 100
19318 0
19331 100
19344 0
19357 100
19370 0
19383 100
19396 0
19409 100
19422 0
19435 100
19448 0
19461 100
19474 0
19487 100
19500 0
19513 100
19526 0
19539 100
19552 0
19565 100
19578 0
19591 100
19604 0
19617 100
19630 0
19643 100
19656 0
19669 100
19682 0
19695 100
19708 0
19721 100
19734 0
19747 100
19760 0
19773 100
19786 0
19799 100
19812 0
19825 100
19838 0
19851 100
19864 0
19877 100
19890 0
19903 100
19916 0
19929 100
19942 0
19955 100
19968 0
19981 100
19994 0
20007 100
20020 0
20033 100
20046 0
20059 100
20072 0
20085 100
20098 0
20111 100
20124 0
20137 100
20150 0
20163 100
20176 0
20189 100
20202 0
20215 100
20228 0
20241 100
20254 0
20267 100
20280 0
20293 100
20306 0
20319 100
20332 0
20345 100
20358 0
20371 100
20384 0
20397 100
20410 0
20423 100
20436 0
20449 100
20462 0
20475 100
20488 0
20501 100
20514 0
20527 100
20540 0
20553 100
20566 0
20579 100
20592 0
20605 100
20618 0
20631 100
20644 0
20657 100
20670 0
20683 100
20696 0
20709 100
20722 0
20735 100
20748 0
20761 100
20774 0
20787 100
20800 0
20813 100
20826 0
20839 100
20852 0
20865 100
20878 0
20891 100
20904 0
20917 100
20930 0
20943 100
20956 0
20969 100
20982 0
20995 100
21008 0
21021 100
21034 0
21047 100
21060 0
21073 100
21086 0
21099 100
21112 0
21125 100
21138 0
21151 100
21164 0
21177 100
21190 0
21203 100
21216 0
21229 100
21242 0
21255 100
21268 0
21281 100
21294 0
21307 100
21320 0
21333 100
21346 0
21359 100
21372 0
21385 100
21398 0
21411 100
21424 0
21437 100
21450 0
21463 100
21476 0
21489 100
21502 0
21515 100
21528 0
21541 100
21554 0
21567 100
21580 0
21593 100
21606 0
21619 100
21632 0
21645 100
21658 0
21671 100
21684 0
21697 100
21710 0
21723 100
21736 0
21749 100
21762 0
21775 100
21788 0
21801 100
21814 0
21827 100
21840 0
21853 100
21866 0
21879 100
21892 0
21905 100
21918 0
21931 100
21944 0
21957 100
21970 0
21983 100
21996 0
22009 100
22022 0
22035 100
22048 0
22061 100
22074 0
22087 100
22100 0
22113 100
22126 0
22139 100
22152 0
22165 100
22178 0
22191 100
22204 0
22217 100
22230 0
22243 100
22256 0
22269 100
22282 0
22295 100
22308 0
22321 100
22334 0
22347 100
22360 0
22373 100
22386 0
22399 100
22412 0
22425 100
22438 0
22451 100
22464 0
22477 100
22490 0
22503 100
22516 0
22529 100
22542 0
22555 100
22568 0
22581 100
22594 0
22607 100
22620 0
22633 100
22646 0
22659 100
22672 0
22685 100
22698 0
22711 100
22724 0
22737 100
22750 0
22763 100
22776 0
22789 100
22802 0
22815 100
22828 0
22841 100
22854 0
22867 100
22880 0
22893 100
22906 0
22919 100
22932 0
22945 100
22958 0
22971 100
22984 0
22997 100
23010 0
23023 100
23036 0
23049 100
23062 0
23075 100
23088 0
23101 100
23114 0
23127 100
23140 0
23153 100
23166 0
23179 100
23192 0
23205 100
23218 0
23231 100
23244 0
23257 100
23270 0
23283 100
23296 0
23309 100
23322 0
23335 100
23348 0
23361 100
23374 0
23387 100
23400 0
23413 100
23426 0
23439 100
23452 0
23465 100
23478 0
23491 100
23504 0
23517 100
23530 0
23543 100
23556 0
23569 100
23582 0
23595 100
23608 0
23621 100
23634 0
23647 100
23660 0
23673 100
23686 0
23699 100
23712 0
23725 100
23738 0
23751 100
23764 0
23777 100
23790 0
23803 100
23816 0
23829 100
23842 0
23855 100
23868 0
23881 100
23894 0
23907 100
23920 0
23933 100
23946 0
23959 100
23972 0
23985 100
23998 0
24011 100
24024 0
24037 100
24050 0
24063 100
24076 0
24089 100
24102 0
24115 100
24128 0
24141 100
24154 0
24167 100
24180 0
24193 100
24206 0
24219 100
24232 0
24245 100
24258 0
24271 100
24284 0
24297 100
24310 0
24323 100
24336 0
24349 100
24362 0
24375 100
24388 0
24401 100
24414 0
24427 100
24440 0
24453 100
24466 0
24479 100
24492 0
24505 100
24518 0
24531 100
24544 0
24557 100
24570 0
24583 100
24596 0
24609 100
24622 0
24635 100
24648 0
24661 100
24674 0
24687 100
24700 0
24713 100
24726 0
24739 100
24752 0
24765 100
24778 0
24791 100
24804 0
24817 100
24830 0
24843 100
24856 0
24869 100
24882 0
24895 100
24908 0
24921 100
24934 0
24947 100
24960 0
24973 100
24986 0
24999 100
25012 0
25025 100
25038 0
25051 100
25064 0
25077 100
25090 0
25103 100
25116 0
25129 100
25142 0
25155 100
25168 0
25181 100
25194 0
25207 100
25220 0
25233 100
25246 0
25259 100
25272 0
25285 100
25298 0
25311 100
25324 0
25337 100
25350 0
25363 100
25376 0
25389 100
25402 0
25415 100
25428 0
25441 100
25454 0
25467 100
25480 0
25493 100
25506 0
25519 100
25532 0
25545 100
25558 0
25571 100
25584 0
25597 100
25610 0
25623 100
25636 0
25649 100
25662 0
25675 100
25688 0
25701 100
25714 0
25727 100
25740 0
25753 100
25766 0
25779 100
25792 0
25805 100
25818 0
25831 100
25844 0
25857 100
25870 0
25883 100
25896 0
25909 100
25922 0
25935 100
25948 0
25961 100
25974 0
25987 100
26000 0
26013 100
26026 0
26039 100
26052 0
26065 100
26078 0
26091 100
26104 0
26117 100
26130 0
26143 100
26156 0
26169 100
26182 0
26195 100
26208 0
26221 100
26234 0
26247 100
26260 0
26273 100
26286 0
26299 100
26312 0
26325 100
26338 0
26351 100
26364 0
26377 100
26390 0
26403 100
26416 0
26429 100
26442 0
26455 100
26468 0
26481 100
26494 0
26507 100
26520 0
26533 100
26546 0
26559 100
26572 0
26585 100
26598 0
26611 100
26624 0
26637 100
26650 0
26663 100
26676 0
26689 100
26702 0
26715 100
26728 0
26741 100
26754 0
26767 100
26780 0
26793 100
26806 0
26819 100
26832 0
26845 100
26858 0
26871 100
26884 0
26897 100
26910 0
26923 100
26936 0
26949 100
26962 0
26975 100
26988 0
27001 100
27014 0
27027 100
27040 0
27053 100
27066 0
27079 100
27092 0
27105 100
27118 0
27131 100
27144 0
27157 100
27170 0
27183 100
27196 0
27209 100
27222 0
27235 100
27248 0
27261 100
27274 0
27287 100
27300 0
27313 100
27326 0
27339 100
27352 0
27365 100
27378 0
27391 100
27404 0
27417 100
27430 0
27443 100
27456 0
27469 100
27482 0
27495 100
27508 0
27521 100
27534 0
27547 100
27560 0
27573 100
27586 0
27599 100
27612 0
27625 100
27638 0
27651 100
27664 0
27677 100
27690 0
27703 100
27716 0
27729 100
27742 0
27755 100
27768 0
27781 100
27794 0
27807 100
27820 0
27833 100
27846 0
27859 100
27872 0
27885 100
27898 0
27911 100
27924 0
27937 100
27950 0
27963 100
27976 0
27989 100
28002 0
28015 100
28028 0
28041 100
28054 0
28067 100
28080 0
28093 100
28106 0
28119 100
28132 0
28145 100
28158 0
28171 100
28184 0
28197 100
28210 0
28223 100
28236 0
28249 100
28262 0
28275 100
28288 0
28301 100
28314 0
28327 100
28340 0
28353 100
28366 0
28379 100
28392 0
28405 100
28418 0
28431 100
28444 0
28457 100
28470 0
28483 100
28496 0
28509 100
28522 0
28535 100
28548 0
28561 100
28574 0
28587 100
28600 0
28613 100
28626 0
28639 100
28652 0
28665 100
28678 0
28691 100
28704 0
28717 100
28730 0
28743 100
28756 0
28769 100
28782 0
28795 100
28808 0
28821 100
28834 0
28847 100
28860 0
28873 100
28886 0
28899 100
28912 0
28925 100
28938 0
28951 100
28964 0
28977 100
28990 0
29003 100
29016 0
29029 100
29042 0
29055 100
29068 0
29081 100
29094 0
29107 100
29120 0
29133 100
29146 0
29159 100
29172 0
29185 100
29198 0
29211 100
29224 0
29237 100
29250 0
29263 100
29276 0
29289 100
29302 0
29315 100
29328 0
29341 100
29354 0
29367 100
29380 0
29393 100
29406 0
29419 100
29432 0
29445 100
29458 0
29471 100
29484 0
29497 100
29510 0
29523 100
29536 0
29549 100
29562 0
29575 100
29588 0
29601 100
29614 0
29627 100
29640 0
29653 100
29666 0
29679 100
29692 0
29705 100
29718 0
29731 100
29744 0
29757 100
29770 0
29783 100
29796 0
29809 100
29822 0
29835 100
29848 0
29861 100
29874 0
29887 100
29900 0
29913 100
29926 0
29939 100
29952 0
29965 100
29978 0
29991 100
30004 0
30017 100
30030 0
30043 100
30056 0
30069 100
30082 0
30095 100
30108 0
30121 100
30134 0
30147 100
30160 0
30173 100
30186 0
30199 100
30212 0
30225 100
30238 0
30251 100
30264 0
30277 100
30290 0
30303 100
30316 0
30329 100
30342 0
30355 100
30368 0
30381 100
30394 0
30407 100
30420 0
30433 100
30446 0
30459 100
30472 0
30485 100
30498 0
30511 100
30524 0
30537 100
30550 0
30563 100
30576 0
30589 100
30602 0
30615 100
30628 0
30641 100
30654 0
30667 100
30680 0
30693 100
30706 0
30719 100
30732 0
30745 100
30758 0
30771 100
30784 0
30797 100
30810 0
30823 100
30836 0
30849 100
30862 0
30875 100
30888 0
30901 100
30914 0
30927 100
30940 0
30953 100
30966 0
30979 100
30992 0
31005 100
31018 0
31031 100
31044 0
31057 100
31070 0
31083 100
31096 0
31109 100
31122 0
31135 100
31148 0
31161 100
31174 0
31187 100
31200 0
31213 100
31226 0
31239 100
31252 0
31265 100
31278 0
31291 100
31304 0
31317 100
31330 0
31343 100
31356 0
31369 100
31382 0
31395 100
31408 0
31421 100
31434 0
31447 100
31460 0
31473 100
31486 0
31499 100
31512 0
31525 100
31538 0
31551 100
31564 0
31577 100
31590 0
31603 100
31616 0
31629 100
31642 0
31655 100
31668 0
31681 100
31694 0
31707 100
31720 0
31733 100
31746 0
31759 100
31772 0
31785 100
31798 0
31811 100
31824 0
31837 100
31850 0
31863 100
31876 0
31889 100
31902 0
31915 100
31928 0
31941 100
31954 0
31967 100
31980 0
31993 100
32006 0
32019 100
32032 0
32045 100
32058 0
32071 100
32084 0
32097 100
32110 0
32123 100
32136 0
32149 100
32162 0
32175 100
32188 0
32201 100
32214 0
32227 100
32240 0
32253 100
32266 0
32279 100
32292 0
32305 100
32318 0
32331 100
32344 0
32357 100
32370 0
32383 100
32396 0
32409 100
32422 0
32435 100
32448 0
32461 100
32474 0
32487 100
32500 0
32513 100
32526 0
32539 100
32552 0
32565 100
32578 0
32591 100
32604 0
32617 100
32630 0
32643 100
32656 0
32669 100
32682 0
32695 100
32708 0
32721 100
32734 0
32747 100
32760 0
32773 100
32786 0
32799 100
32812 0
32825 100
32838 0
32851 100
32864 0
32877 100
32890 0
32903 100
32916 0
32929 100
32942 0
32955 100
32968 0
32981 100
32994 0
33007 100
33020 0
33033 100
33046 0
33059 100
33072 0
33085 100
33098 0
33111 100
33124 0
33137 100
33150 0
33163 100
33176 0
33189 100
33202 0
33215 100
33228 0
33241 100
33254 0
33267 100
33280 0
33293 100
33306 0
33319 100
33332 0
33345 100
33358 0
33371 100
33384 0
33397 100
33410 0
33423 100
33436 0
33449 100
33462 0
33475 100
33488 0
33501 100
33514 0
33527 100
33540 0
33553 100
33566 0
33579 100
33592 0
33605 100
33618 0
33631 100
33644 0
33657 100
33670 0
33683 100
33696 0
33709 100
33722 0
33735 100
33748 0
33761 100
33774 0
33787 100
33800 0
33813 100
33826 0
33839 100
33852 0
33865 100
33878 0
33891 100
33904 0
33917 100
33930 0
33943 100
33956 0
33969 100
33982 0
33995 100
34008 0
34021 100
34034 0
34047 100
34060 0
34073 100
34086 0
34099 100
34112 0
34125 100
34138 0
34151 100
34164 0
34177 100
34190 0
34203 100
34216 0
34229 100
34242 0
34255 100
34268 0
34281 100
34294 0
34307 100
34320 0
34333 100
34346 0
34359 100
34372 0
34385 100
34398 0
34411 100
34424 0
34437 100
34450 0
34463 100
34476 0
34489 100
34502 0
34515 100
34528 0
34541 100
34554 0
34567 100
34580 0
34593 100
34606 0
34619 100
34632 0
34645 100
34658 0
34671 100
34684 0
34697 100
34710 0
34723 100
34736 0
34749 100
34762 0
34775 100
34788 0
34801 100
34814 0
34827 100
34840 0
34853 100
34866 0
34879 100
34892 0
34905 100
34918 0
34931 100
34944 0
34957 100
34970 0
34983 100
34996 0
35009 100
35022 0
35035 100
35048 0
35061 100
35074 0
35087 100
35100 0
35113 100
35126 0
35139 100
35152 0
35165 100
35178 0
35191 100
35204 0
35217 100
35230 0
35243 100
35256 0
35269 100
35282 0
35295 100
35308 0
35321 100
35334 0
35347 100
35360 0
35373 100
35386 0
35399 100
35412 0
35425 100
35438 0
35451 100
35464 0
35477 100
35490 0
35503 100
35516 0
35529 100
35542 0
35555 100
35568 0
35581 100
35594 0
35607 100
35620 0
35633 100
35646 0
35659 100
35672 0
35685 100
35698 0
35711 100
35724 0
35737 100
35750 0
35763 100
35776 0
35789 100
35802 0
35815 100
35828 0
35841 100
35854 0
35867 100
35880 0
35893 100
35906 0
35919 100
35932 0
35945 100
35958 0
35971 100
35984 0
35997 100
36010 0
36023 100
36036 0
36049 100
36062 0
36075 100
36088 0
36101 100
36114 0
36127 100
36140 0
36153 100
36166 0
36179 100
36192 0
36205 100
36218 0
36231 100
36244 0
36257 100
36270 0
36283 100
36296 0
36309 100
36322 0
36335 100
36348 0
36361 100
36374 0
36387 100
36400 0
36413 100
36426 0
36439 100
36452 0
36465 100
36478 0
36491 100
36504 0
36517 100
36530 0
36543 100
36556 0
36569 100
36582 0
36595 100
36608 0
36621 100
36634 0
36647 100
36660 0
36673 100
36686 0
36699 100
36712 0
36725 100
36738 0
36751 100
36764 0
36777 100
36790 0
36803 100
36816 0
36829 100
36842 0
36855 100
36868 0
36881 100
36894 0
36907 100
36920 0
36933 100
36946 0
36959 100
36972 0
36985 100
36998 0
37011 100
37024 0
37037 100
37050 0
37063 100
37076 0
37089 100
37102 0
37115 100
37128 0
37141 100
37154 0
37167 100
37180 0
37193 100
37206 0
37219 100
37232 0
37245 100
37258 0
37271 100
37284 0
37297 100
37310 0
37323 100
37336 0
37349 100
37362 0
37375 100
37388 0
37401 100
37414 0
37427 100
37440 0
37453 100
37466 0
37479 100
37492 0
37505 100
37518 0
37531 100
37544 0
37557 100
37570 0
37583 100
37596 0
37609 100
37622 0
37635 100
37648 0
37661 100
37674 0
37687 100
37700 0
37713 100
37726 0
37739 100
37752 0
37765 100
37778 0
37791 100
37804 0
37817 100
37830 0
37843 100
37856 0
37869 100
37882 0
37895 100
37908 0
37921 100
37934 0
37947 100
37960 0
37973 100
37986 0
37999 100
38012 0
38025 100
38038 0
38051 100
38064 0
38077 100
38090 0
38103 100
38116 0
38129 100
38142 0
38155 100
38168 0
38181 100
38194 0
38207 100
38220 0
38233 100
38246 0
38259 100
38272 0
38285 100
38298 0
38311 100
38324 0
38337 100
38350 0
38363 100
38376 0
38389 100
38402 0
38415 100
38428 0
38441 100
38454 0
38467 100
38480 0
38493 100
38506 0
38519 100
38532 0
38545 100
38558 0
38571 100
38584 0
38597 100
38610 0
38623 100
38636 0
38649 100
38662 0
38675 100
38688 0
38701 100
38714 0
38727 100
38740 0
38753 100
38766 0
38779 100
38792 0
38805 100
38818 0
38831 100
38844 0
38857 100
38870 0
38883 100
38896 0
38909 100
38922 0
38935 100
38948 0
38961 100
38974 0
38987 100
39000 0
39013 100
39026 0
39039 100
39052 0
39065 100
39078 0
39091 100
39104 0
39117 100
39130 0
39143 100
39156 0
39169 100
39182 0
39195 100
39208 0
39221 100
39234 0
39247 100
39260 0
39273 100
39286 0
39299 100
39312 0
39325 100
39338 0
39351 100
39364 0
39377 100
39390 0
39403 100
39416 0
39429 100
39442 0
39455 100
39468 0
39481 100
39494 0
39507 100
39520 0
39533 100
39546 0
39559 100
39572 0
39585 100
39598 0
39611 100
39624 0
39637 100
39650 0
39663 100
39676 0
39689 100
39702 0
39715 100
39728 0
39741 100
39754 0
39767 100
39780 0
39793 100
39806 0
39819 100
39832 0
39845 100
39858 0
39871 100
39884 0
39897 100
39910 0
39923 100
39936 0
39949 100
39962 0
39975 100
39988 0
40001 100
40014 0
40027 100
40040 0
40053 100
40066 0
40079 100
40092 0
40105 100
40118 0
40131 100
40144 0
40157 100
40170 0
40183 100
40196 0
40209 100
40222 0
40235 100
40248 0
40261 100
40274 0
40287 100
40300 0
40313 100
40326 0
40339 100
40352 0
40365 100
40378 0
40391 100
40404 0
40417 100
40430 0
40443 100
40456 0
40469 100
40482 0
40495 100
40508 0
40521 100
40534 0
40547 100
40560 0
40573 100
40586 0
40599 100
40612 0
40625 100
40638 0
40651 100
40664 0
40677 100
40690 0
40703 100
40716 0
40729 100
40742 0
40755 100
40768 0
40781 100
40794 0
40807 100
40820 0
40833 100
40846 0
40859 100
40872 0
40885 100
40898 0
40911 100
40924 0
40937 100
40950 0
40963 100
40976 0
40989 100
41002 0
41015 100
41028 0
41041 100
41054 0
41067 100
41080 0
41093 100
41106 0
41119 100
41132 0
41145 100
41158 0
41171 100
41184 0
41197 100
41210 0
41223 100
41236 0
41249 100
41262 0
41275 100
41288 0
41301 100
41314 0
41327 100
41340 0
41353 1000000000
41366 0
41379 100
41392 0
41405 100
41418 0
41431 100
41444 0
41457 100
41470 0
41483 100
41496 0
41509 100
41522 0
41535 100
41548 0
41561 100
41574 0
41587 100
41600 0
41613 100
41626 0
41639 100
41652 0
41665 100
41678 0
41691 100
41704 0
41717 100
41730 0
41743 100
41756 0
41769 100
41782 0
41795 100
41808 0
41821 100
41834 0
41847 100
41860 0
41873 100
41886 0
41899 100
41912 0
41925 100
41938 0
41951 100
41964 0
41977 100
41990 0
42003 100
42016 0
42029 100
42042 0
42055 100
42068 0
42081 100
42094 0
42107 100
42120 0
42133 100
42146 0
42159 100
42172 0
42185 100
42198 0
42211 100
42224 0
42237 100
42250 0
42263 100
42276 0
42289 100
42302 0
42315 100
42328 0
42341 100
42354 0
42367 100
42380 0
42393 100
42406 0
42419 100
42432 0
42445 100
42458 0
42471 100
42484 0
42497 100
42510 0
42523 100
42536 0
42549 100
42562 0
42575 100
42588 0
42601 100
42614 0
42627 100
42640 0
42653 100
42666 0
42679 100
42692 0
42705 100
42718 0
42731 100
42744 0
42757 100
42770 0
42783 100
42796 0
42809 100
42822 0
42835 100
42848 0
42861 100
42874 0
42887 100
42900 0
42913 100
42926 0
42939 100
42952 0
42965 100
42978 0
42991 100
43004 0
43017 100
43030 0
43043 100
43056 0
43069 100
43082 0
43095 100
43108 0
43121 100
43134 0
43147 100
43160 0
43173 100
43186 0
43199 100
43212 0
43225 100
43238 0
43251 100
43264 0
43277 100
43290 0
43303 100
43316 0
43329 100
43342 0
43355 100
43368 0
43381 100
43394 0
43407 100
43420 0
43433 100
43446 0
43459 100
43472 0
43485 100
43498 0
43511 100
43524 0
43537 100
43550 0
43563 100
43576 0
43589 100
43602 0
43615 100
43628 0
43641 100
43654 0
43667 100
43680 0
43693 100
43706 0
43719 100
43732 0
43745 100
43758 0
43771 100
43784 0
43797 100
43810 0
43823 100
43836 0
43849 100
43862 0
43875 100
43888 0
43901 100
43914 0
43927 100
43940 0
43953 100
43966 0
43979 100
43992 0
44005 100
44018 0
44031 100
44044 0
44057 100
44070 0
44083 100
44096 0
44109 100
44122 0
44135 100
44148 0
44161 100
44174 0
44187 100
44200 0
44213 100
44226 0
44239 100
44252 0
44265 100
44278 0
44291 100
44304 0
44317 100
44330 0
44343 100
44356 0
44369 100
44382 0
44395 100
44408 0
44421 100
44434 0
44447 100
44460 0
44473 100
44486 0
44499 100
44512 0
44525 100
44538 0
44551 100
44564 0
44577 100
44590 0
44603 100
44616 0
44629 100
44642 0
44655 100
44668 0
44681 100
44694 0
44707 100
44720 0
44733 100
44746 0
44759 100
44772 0
44785 100
44798 0
44811 100
44824 0
44837 100
44850 0
44863 100
44876 0
44889 100
44902 0
44915 100
44928 0
44941 100
44954 0
44967 100
44980 0
44993 100
45006 0
45019 100
45032 0
45045 100
45058 0
45071 100
45084 0
45097 100
45110 0
45123 100
45136 0
45149 100
45162 0
45175 100
45188 0
45201 100
45214 0
45227 100
45240 0
45253 100
45266 0
45279 100
45292 0
45305 100
45318 0
45331 100
45344 0
45357 100
45370 0
45383 100
45396 0
45409 100
45422 0
45435 100
45448 0
45461 100
45474 0
45487 100
45500 0
45513 100
45526 0
45539 100
45552 0
45565 100
45578 0
45591 100
45604 0
45617 100
45630 0
45643 100
45656 0
45669 100
45682 0
45695 100
45708 0
45721 100
45734 0
45747 100
45760 0
45773 100
45786 0
45799 100
45812 0
45825 100
45838 0
45851 100
45864 0
45877 100
45890 0
45903 100
45916 0
45929 100
45942 0
45955 100
45968 0
45981 100
45994 0
46007 100
46020 0
46033 100
46046 0
46059 100
46072 0
46085 100
46098 0
46111 100
46124 0
46137 100
46150 0
46163 100
46176 0
46189 100
46202 0
46215 100
46228 0
46241 100
46254 0
46267 100
46280 0
46293 100
46306 0
46319 100
46332 0
46345 100
46358 0
46371 100
46384 0
46397 100
46410 0
46423 100
46436 0
46449 100
46462 0
46475 100
46488 0
46501 100
46514 0
46527 100
46540 0
46553 100
46566 0
46579 100
46592 0
46605 100
46618 0
46631 100
46644 0
46657 100
46670 0
46683 100
46696 0
46709 100
46722 0
46735 100
46748 0
46761 100
46774 0
46787 100
46800 0
46813 100
46826 0
46839 100
46852 0
46865 100
46878 0
46891 100
46904 0
46917 100
46930 0
46943 100
46956 0
46969 100
46982 0
46995 100
47008 0
47021 100
47034 0
47047 100
47060 0
47073 100
47086 0
47099 100
47112 0
47125 100
47138 0
47151 100
47164 0
47177 100
47190 0
47203 100
47216 0
47229 100
47242 0
47255 100
47268 0
47281 100
47294 0
47307 100
47320 0
47333 100
47346 0
47359 100
47372 0
47385 100
47398 0
47411 100
47424 0
47437 100
47450 0
47463 100
47476 0
47489 100
47502 0
47515 100
47528 0
47541 100
47554 0
47567 100
47580 0
47593 100
47606 0
47619 100
47632 0
47645 100
47658 0
47671 100
47684 0
47697 100
47710 0
47723 100
47736 0
47749 100
47762 0
47775 100
47788 0
47801 100
47814 0
47827 100
47840 0
47853 100
47866 0
47879 100
47892 0
47905 100
47918 0
47931 100
47944 0
47957 100
47970 0
47983 100
47996 0
48009 100
48022 0
48035 100
48048 0
48061 100
48074 0
48087 100
48100 0
48113 100
48126 0
48139 100
48152 0
48165 100
48178 0
48191 100
48204 0
48217 100
48230 0
48243 100
48256 0
48269 100
48282 0
48295 100
48308 0
48321 100
48334 0
48347 100
48360 0
48373 100
48386 0
48399 100
48412 0
48425 100
48438 0
48451 100
48464 0
48477 100
48490 0
48503 100
48516 0
48529 100
48542 0
48555 100
48568 0
48581 100
48594 0
48607 100
48620 0
48633 100
48646 0
48659 100
48672 0
48685 100
48698 0
48711 100
48724 0
48737 100
48750 0
48763 100
48776 0
48789 100
48802 0
48815 100
48828 0
48841 100
48854 0
48867 100
48880 0
48893 100
48906 0
48919 100
48932 0
48945 100
48958 0
48971 100
48984 0
48997 100
49010 0
49023 100
49036 0
49049 100
49062 0
49075 100
49088 0
49101 100
49114 0
49127 100
49140 0
49153 100
49166 0
49179 100
49192 0
49205 100
49218 0
49231 100
49244 0
49257 100
49270 0
49283 100
49296 0
49309 100
49322 0
49335 100
49348 0
49361 100
49374 0
49387 100
49400 0
49413 100
49426 0
49439 100
49452 0
49465 100
49478 0
49491 100
49504 0
49517 100
49530 0
49543 100
49556 0
49569 100
49582 0
49595 100
49608 0
49621 100
49634 0
49647 100
49660 0
49673 100
49686 0
49699 100
49712 0
49725 100
49738 0
49751 100
49764 0
49777 100
49790 0
49803 100
49816 0
49829 100
49842 0
49855 100
49868 0
49881 100
49894 0
49907 100
49920 0
49933 100
49946 0
49959 100
49972 0
49985 100
49998 0
50011 100
50024 0
50037 100
50050 0
50063 100
50076 0
50089 100
50102 0
50115 100
50128 0
50141 100
50154 0
50167 100
50180 0
50193 100
50206 0
50219 100
50232 0
50245 100
50258 0
50271 100
50284 0
50297 100
50310 0
50323 100
50336 0
50349 100
50362 0
50375 100
50388 0
50401 100
50414 0
50427 100
50440 0
50453 100
50466 0
50479 100
50492 0
50505 100
50518 0
50531 100
50544 0
50557 100
50570 0
50583 100
50596 0
50609 100
50622 0
50635 100
50648 0
50661 100
50674 0
50687 100
50700 0
50713 100
50726 0
50739 100
50752 0
50765 100
50778 0
50791 100
50804 0
50817 100
50830 0
50843 100
50856 0
50869 100
50882 0
50895 100
50908 0
50921 100
50934 0
50947 100
50960 0
50973 100
50986 0
50999 100
51012 0
51025 100
51038 0
51051 100
51064 0
51077 100
51090 0
51103 100
51116 0
51129 100
51142 0
51155 100
51168 0
51181 100
51194 0
51207 100
51220 0
51233 100
51246 0
51259 100
51272 0
51285 100
51298 0
51311 100
51324 0
51337 100
51350 0
51363 100
51376 0
51389 100
51402 0
51415 100
51428 0
51441 100
51454 0
51467 100
51480 0
51493 100
51506 0
51519 100
51532 0
51545 100
51558 0
51571 100
51584 0
51597 100
51610 0
51623 100
51636 0
51649 100
51662 0
51675 100
51688 0
51701 100
51714 0
51727 100
51740 0
51753 100
51766 0
51779 100
51792 0
51805 100
51818 0
51831 100
51844 0
51857 100
51870 0
51883 100
51896 0
51909 100
51922 0
51935 100
51948 0
51961 100
51974 0
51987 100
52000 0
52013 100
52026 0
52039 100
52052 0
52065 100
52078 0
52091 100
52104 0
52117 100
52130 0
52143 100
52156 0
52169 100
52182 0
52195 100
52208 0
52221 100
52234 0
52247 100
52260 0
52273 100
52286 0
52299 100
52312 0
52325 100
52338 0
52351 100
52364 0
52377 100
52390 0
52403 100
52416 0
52429 100
52442 0
52455 100
52468 0
52481 100
52494 0
52507 100
52520 0
52533 100
52546 0
52559 100
52572 0
52585 100
52598 0
52611 100
52624 0
52637 100
52650 0
52663 100
52676 0
52689 100
52702 0
52715 100
52728 0
52741 100
52754 0
52767 100
52780 0
52793 100
52806 0
52819 100
52832 0
52845 100
52858 0
52871 100
52884 0
52897 100
52910 0
52923 100
52936 0
52949 100
52962 0
52975 100
52988 0
53001 100
53014 0
53027 100
53040 0
53053 100
53066 0
53079 100
53092 0
53105 100
53118 0
53131 100
53144 0
53157 100
53170 0
53183 100
53196 0
53209 100
53222 0
53235 100
53248 0
53261 100
53274 0
53287 100
53300 0
53313 100
53326 0
53339 100
53352 0
53365 100
53378 0
53391 100
53404 0
53417 100
53430 0
53443 100
53456 0
53469 100
53482 0
53495 100
53508 0
53521 100
53534 0
53547 100
53560 0
53573 100
53586 0
53599 100
53612 0
53625 100
53638 0
53651 100
53664 0
53677 100
53690 0
53703 100
53716 0
53729 100
53742 0
53755 100
53768 0
53781 100
53794 0
53807 100
53820 0
53833 100
53846 0
53859 100
53872 0
53885 100
53898 0
53911 100
53924 0
53937 100
53950 0
53963 100
53976 0
53989 100
54002 0
54015 100
54028 0
54041 100
54054 0
54067 100
54080 0
54093 100
54106 0
54119 100
54132 0
54145 100
54158 0
54171 100
54184 0
54197 100
54210 0
54223 100
54236 0
54249 100
54262 0
54275 100
54288 0
54301 100
54314 0
54327 100
54340 0
54353 100
54366 0
54379 100
54392 0
54405 100
54418 0
54431 100
54444 0
54457 100
54470 0
54483 100
54496 0
54509 100
54522 0
54535 100
54548 0
54561 100
54574 0
54587 100
54600 0
54613 100
54626 0
54639 100
54652 0
54665 100
54678 0
54691 100
54704 0
54717 100
54730 0
54743 100
54756 0
54769 100
54782 0
54795 100
54808 0
54821 100
54834 0
54847 100
54860 0
54873 100
54886 0
54899 100
54912 0
54925 100
54938 0
54951 100
54964 0
54977 100
54990 0
55003 100
55016 0
55029 100
55042 0
55055 100
55068 0
55081 100
55094 0
55107 100
55120 0
55133 100
55146 0
55159 100
55172 0
55185 100
55198 0
55211 100
55224 0
55237 100
55250 0
55263 100
55276 0
55289 100
55302 0
55315 100
55328 0
55341 100
55354 0
55367 100
55380 0
55393 100
55406 0
55419 100
55432 0
55445 100
55458 0
55471 100
55484 0
55497 100
55510 0
55523 100
55536 0
55549 100
55562 0
55575 100
55588 0
55601 100
55614 0
55627 100
55640 0
55653 100
55666 0
55679 100
55692 0
55705 100
55718 0
55731 100
55744 0
55757 100
55770 0
55783 100
55796 0
55809 100
55822 0
55835 100
55848 0
55861 100
55874 0
55887 100
55900 0
55913 100
55926 0
55939 100
55952 0
55965 100
55978 0
55991 100
56004 0
56017 100
56030 0
56043 100
56056 0
56069 100
56082 0
56095 100
56108 0
56121 100
56134 0
56147 100
56160 0
56173 100
56186 0
56199 100
56212 0
56225 100
56238 0
56251 100
56264 0
56277 100
56290 0
56303 100
56316 0
56329 100
56342 0
56355 100
56368 0
56381 100
56394 0
56407 100
56420 0
56433 100
56446 0
56459 100
56472 0
56485 100
56498 0
56511 100
56524 0
56537 100
56550 0
56563 100
56576 0
56589 100
56602 0
56615 100
56628 0
56641 100
56654 0
56667 100
56680 0
56693 100
56706 0
56719 100
56732 0
56745 100
56758 0
56771 100
56784 0
56797 100
56810 0
56823 100
56836 0
56849 100
56862 0
56875 100
56888 0
56901 100
56914 0
56927 100
56940 0
56953 100
56966 0
56979 100
56992 0
57005 100
57018 0
57031 100
57044 0
57057 100
57070 0
57083 100
57096 0
57109 100
57122 0
57135 100
57148 0
57161 100
57174 0
57187 100
57200 0
57213 100
57226 0
57239 100
57252 0
57265 100
57278 0
57291 100
57304 0
57317 100
57330 0
57343 100
57356 0
57369 100
57382 0
57395 100
57408 0
57421 100
57434 0
57447 100
57460 0
57473 100
57486 0
57499 100
57512 0
57525 100
57538 0
57551 100
57564 0
57577 100
57590 0
57603 100
57616 0
57629 100
57642 0
57655 100
57668 0
57681 100
57694 0
57707 100
57720 0
57733 100
57746 0
57759 100
57772 0
57785 100
57798 0
57811 100
57824 0
57837 100
57850 0
57863 100
57876 0
57889 100
57902 0
57915 100
57928 0
57941 100
57954 0
57967 100
57980 0
57993 100
58006 0
58019 100
58032 0
58045 100
58058 0
58071 100
58084 0
58097 100
58110 0
58123 100
58136 0
58149 100
58162 0
58175 100
58188 0
58201 100
58214 0
58227 100
58240 0
58253 100
58266 0
58279 100
58292 0
58305 100
58318 0
58331 100
58344 0
58357 100
58370 0
58383 100
58396 0
58409 100
58422 0
58435 100
58448 0
58461 100
58474 0
58487 100
58500 0
58513 100
58526 0
58539 100
58552 0
58565 100
58578 0
58591 100
58604 0
58617 100
58630 0
58643 100
58656 0
58669 100
58682 0
58695 100
58708 0
58721 100
58734 0
58747 100
58760 0
58773 100
58786 0
58799 100
58812 0
58825 100
58838 0
58851 100
58864 0
58877 100
58890 0
58903 100
58916 0
58929 100
58942 0
58955 100
58968 0
58981 100
58994 0
59007 100
59020 0
59033 100
59046 0
59059 100
59072 0
59085 100
59098 0
59111 100
59124 0
59137 100
59150 0
59163 100
59176 0
59189 100
59202 0
59215 100
59228 0
59241 100
59254 0
59267 100
59280 0
59293 100
59306 0
59319 100
59332 0
59345 100
59358 0
59371 100
59384 0
59397 100
59410 0
59423 100
59436 0
59449 100
59462 0
59475 100
59488 0
59501 100
59514 0
59527 100
59540 0
59553 100
59566 0
59579 100
59592 0
59605 100
59618 0
59631 100
59644 0
59657 100
59670 0
59683 100
59696 0
59709 100
59722 0
59735 100
59748 0
59761 100
59774 0
59787 100
59800 0
59813 100
59826 0
59839 100
59852 0
59865 100
59878 0
59891 100
59904 0
59917 100
59930 0
59943 100
59956 0
59969 100
59982 0
59995 100
60008 0
60021 100
60034 0
60047 100
60060 0
60073 100
60086 0
60099 100
60112 0
60125 100
60138 0
60151 100
60164 0
60177 100
60190 0
60203 100
60216 0
60229 100
60242 0
60255 100
60268 0
60281 100
60294 0
60307 100
60320 0
60333 100
60346 0
60359 100
60372 0
60385 100
60398 0
60411 100
60424 0
60437 100
60450 0
60463 100
60476 0
60489 100
60502 0
60515 100
60528 0
60541 100
60554 0
60567 100
60580 0
60593 100
60606 0
60619 100
60632 0
60645 100
60658 0
60671 100
60684 0
60697 100
60710 0
60723 100
60736 0
60749 100
60762 0
60775 100
60788 0
60801 100
60814 0
60827 100
60840 0
60853 100
60866 0
60879 100
60892 0
60905 100
60918 0
60931 100
60944 0
60957 100
60970 0
60983 100
60996 0
61009 100
61022 0
61035 100
61048 0
61061 100
61074 0
61087 100
61100 0
61113 100
61126 0
61139 100
61152 0
61165 100
61178 0
61191 100
61204 0
61217 100
61230 0
61243 100
61256 0
61269 100
61282 0
61295 100
61308 0
61321 100
61334 0
61347 100
61360 0
61373 100
61386 0
61399 100
61412 0
61425 100
61438 0
61451 100
61464 0
61477 100
61490 0
61503 100
61516 0
61529 100
61542 0
61555 100
61568 0
61581 100
61594 0
61607 100
61620 0
61633 100
61646 0
61659 100
61672 0
61685 100
61698 0
61711 100
61724 0
61737 100
61750 0
61763 100
61776 0
61789 100
61802 0
61815 100
61828 0
61841 100
61854 0
61867 100
61880 0
61893 100
61906 0
61919 100
61932 0
61945 100
61958 0
61971 100
61984 0
61997 100
62010 0
62023 100
62036 0
62049 100
62062 0
62075 100
62088 0
62101 100
62114 0
62127 100
62140 0
62153 100
62166 0
62179 100
62192 0
62205 100
62218 0
62231 100
62244 0
62257 100
62270 0
62283 100
62296 0
62309 100
62322 0
62335 100
62348 0
62361 100
62374 0
62387 100
62400 0
62413 100
62426 0
62439 100
62452 0
62465 100
62478 0
62491 100
62504 0
62517 100
62530 0
62543 100
62556 0
62569 100
62582 0
62595 100
62608 0
62621 100
62634 0
62647 100
62660 0
62673 100
62686 0
62699 100
62712 0
62725 100
62738 0
62751 100
62764 0
62777 100
62790 0
62803 100
62816 0
62829 100
62842 0
62855 100
62868 0
62881 100
62894 0
62907 100
62920 0
62933 100
62946 0
62959 100
62972 0
62985 100
62998 0
63011 100
63024 0
63037 100
63050 0
63063 100
63076 0
63089 100
63102 0
63115 100
63128 0
63141 100
63154 0
63167 100
63180 0
63193 100
63206 0
63219 100
63232 0
63245 100
63258 0
63271 100
63284 0
63297 100
63310 0
63323 100
63336 0
63349 100
63362 0
63375 100
63388 0
63401 100
63414 0
63427 100
63440 0
63453 100
63466 0
63479 100
63492 0
63505 100
63518 0
63531 100
63544 0
63557 100
63570 0
63583 100
63596 0
63609 100
63622 0
63635 100
63648 0
63661 100
63674 0
63687 100
63700 0
63713 100
63726 0
63739 100
63752 0
63765 100
63778 0
63791 100
63804 0
63817 100
63830 0
63843 100
63856 0
63869 100
63882 0
63895 100
63908 0
63921 100
63934 0
63947 100
63960 0
63973 100
63986 0
63999 100
64012 0
64025 100
64038 0
64051 100
64064 0
64077 100
64090 0
64103 100
64116 0
64129 100
64142 0
64155 100
64168 0
64181 100
64194 0
64207 100
64220 0
64233 100
64246 0
64259 100
64272 0
64285 100
64298 0
64311 100
64324 0
64337 100
64350 0
64363 100
64376 0
64389 100
64402 0
64415 100
64428 0
64441 100
64454 0
64467 100
64480 0
64493 100
64506 0
64519 100
64532 0
64545 100
64558 0
64571 100
64584 0
64597 100
64610 0
64623 100
64636 0
64649 100
64662 0
64675 100
64688 0
64701 100
64714 0
64727 100
64740 0
64753 100
64766 0
64779 100
64792 0
64805 100
64818 0
64831 100
64844 0
64857 100
64870 0
64883 100
64896 0
64909 100
64922 0
64935 100
64948 0
64961 100
64974 0
64987 100
65000 0
65013 100
65026 0
65039 100
65052 0
65065 100
65078 0
65091 100
65104 0
65117 100
65130 0
65143 100
65156 0
65169 100
65182 0
65195 100
65208 0
65221 100
65234 0
65247 100
65260 0
65273 100
65286 0
65299 100
65312 0
65325 100
65338 0
65351 100
65364 0
65377 100
65390 0
65403 100
65416 0
65429 100
65442 0
65455 100
65468 0
65481 100
65494 0
65507 100
65520 0
65533 100
65546 0
65559 100
65572 0
65585 100
65598 0
65611 100
65624 0
65637 100
65650 0
65663 100
65676 0
65689 100
65702 0
65715 100
65728 0
65741 100
65754 0
65767 100
65780 0
65793 100
65806 0
65819 100
65832 0
65845 100
65858 0
65871 100
65884 0
65897 100
65910 0
65923 100
65936 0
65949 100
65962 0
65975 100
65988 0
66001 100
66014 0
66027 100
66040 0
66053 100
66066 0
66079 100
66092 0
66105 100
66118 0
66131 100
66144 0
66157 100
66170 0
66183 100
66196 0
66209 100
66222 0
66235 100
66248 0
66261 100
66274 0
66287 100
66300 0
66313 100
66326 0
66339 100
66352 0
66365 100
66378 0
66391 100
66404 0
66417 100
66430 0
66443 100
66456 0
66469 100
66482 0
66495 100
66508 0
66521 100
66534 0
66547 100
66560 0
66573 100
66586 0
66599 100
66612 0
66625 100
66638 0
66651 100
66664 0
66677 100
66690 0
66703 100
66716 0
66729 100
66742 0
66755 100
66768 0
66781 100
66794 0
66807 100
66820 0
66833 100
66846 0
66859 100
66872 0
66885 100
66898 0
66911 100
66924 0
66937 100
66950 0
66963 100
66976 0
66989 100
67002 0
67015 100
67028 0
67041 100
67054 0
67067 100
67080 0
67093 100
67106 0
67119 100
67132 0
67145 100
67158 0
67171 100
67184 0
67197 100
67210 0
67223 100
67236 0
67249 100
67262 0
67275 100
67288 0
67301 100
67314 0
67327 100
67340 0
67353 100
67366 0
67379 100
67392 0
67405 100
67418 0
67431 100
67444 0
67457 100
67470 0
67483 100
67496 0
67509 100
67522 0
67535 100
67548 0
67561 100
67574 0
67587 100
67600 0
67613 100
67626 0
67639 100
67652 0
67665 100
67678 0
67691 100
67704 0
67717 100
67730 0
67743 100
67756 0
67769 100
67782 0
67795 100
67808 0
67821 100
67834 0
67847 100
67860 0
67873 100
67886 0
67899 100
67912 0
67925 100
67938 0
67951 100
67964 0
67977 100
67990 0
68003 100
68016 0
68029 100
68042 0
68055 100
68068 0
68081 100
68094 0
68107 100
68120 0
68133 100
68146 0
68159 100
68172 0
68185 100
68198 0
68211 100
68224 0
68237 100
68250 0
68263 100
68276 0
68289 100
68302 0
68315 100
68328 0
68341 100
68354 0
68367 100
68380 0
68393 100
68406 0
68419 100
68432 0
68445 100
68458 0
68471 100
68484 0
68497 100
68510 0
68523 100
68536 0
68549 100
68562 0
68575 100
68588 0
68601 100
68614 0
68627 100
68640 0
68653 100
68666 0
68679 100
68692 0
68705 100
68718 0
68731 100
68744 0
68757 100
68770 0
68783 100
68796 0
68809 100
68822 0
68835 100
68848 0
68861 100
68874 0
68887 100
68900 0
68913 100
68926 0
68939 100
68952 0
68965 100
68978 0
68991 100
69004 0
69017 100
69030 0
69043 100
69056 0
69069 100
69082 0
69095 100
69108 0
69121 100
69134 0
69147 100
69160 0
69173 100
69186 0
69199 100
69212 0
69225 100
69238 0
69251 100
69264 0
69277 100
69290 0
69303 100
69316 0
69329 100
69342 0
69355 100
69368 0
69381 100
69394 0
69407 100
69420 0
69433 100
69446 0
69459 100
69472 0
69485 100
69498 0
69511 100
69524 0
69537 100
69550 0
69563 100
69576 0
69589 100
69602 0
69615 100
69628 0
69641 100
69654 0
69667 100
69680 0
69693 100
69706 0
69719 100
69732 0
69745 100
69758 0
69771 100
69784 0
69797 100
69810 0
69823 100
69836 0
69849 100
69862 0
69875 100
69888 0
69901 100
69914 0
69927 100
69940 0
69953 100
69966 0
69979 100
69992 0
70005 100
70018 0
70031 100
70044 0
70057 100
70070 0
70083 100
70096 0
70109 100
70122 0
70135 100
70148 0
70161 100
70174 0
70187 100
70200 0
70213 100
70226 0
70239 100
70252 0
70265 100
70278 0
70291 100
70304 0
70317 100
70330 0
70343 100
70356 0
70369 100
70382 0
70395 100
70408 0
70421 100
70434 0
70447 100
70460 0
70473 100
70486 0
70499 100
70512 0
70525 100
70538 0
70551 100
70564 0
70577 100
70590 0
70603 100
70616 0
70629 100
70642 0
70655 100
70668 0
70681 100
70694 0
70707 100
70720 0
70733 100
70746 0
70759 100
70772 0
70785 100
70798 0
70811 100
70824 0
70837 100
70850 0
70863 100
70876 0
70889 100
70902 0
70915 100
70928 0
70941 100
70954 0
70967 100
70980 0
70993 100
71006 0
71019 100
71032 0
71045 100
71058 0
71071 100
71084 0
71097 100
71110 0
71123 100
71136 0
71149 100
71162 0
71175 100
71188 0
71201 100
71214 0
71227 100
71240 0
71253 100
71266 0
71279 100
71292 0
71305 100
71318 0
71331 100
71344 0
71357 100
71370 0
71383 100
71396 0
71409 100
71422 0
71435 100
71448 0
71461 100
71474 0
71487 100
71500 0
71513 100
71526 0
71539 100
71552 0
71565 100
71578 0
71591 100
71604 0
71617 100
71630 0
71643 100
71656 0
71669 100
71682 0
71695 100
71708 0
71721 100
71734 0
71747 100
71760 0
71773 100
71786 0
71799 100
71812 0
71825 100
71838 0
71851 100
71864 0
71877 100
71890 0
71903 100
71916 0
71929 100
71942 0
71955 100
71968 0
71981 100
71994 0
72007 100
72020 0
72033 100
72046 0
72059 100
72072 0
72085 100
72098 0
72111 100
72124 0
72137 100
72150 0
72163 100
72176 0
72189 100
72202 0
72215 100
72228 0
72241 100
72254 0
72267 100
72280 0
72293 100
72306 0
72319 100
72332 0
72345 100
72358 0
72371 100
72384 0
72397 100
72410 0
72423 100
72436 0
72449 100
72462 0
72475 100
72488 0
72501 100
72514 0
72527 100
72540 0
72553 100
72566 0
72579 100
72592 0
72605 100
72618 0
72631 100
72644 0
72657 100
72670 0
72683 100
72696 0
72709 100
72722 0
72735 100
72748 0
72761 100
72774 0
72787 100
72800 0
72813 100
72826 0
72839 100
72852 0
72865 100
72878 0
72891 100
72904 0
72917 100
72930 0
72943 100
72956 0
72969 100
72982 0
72995 100
73008 0
73021 100
73034 0
73047 100
73060 0
73073 100
73086 0
73099 100
73112 0
73125 100
73138 0
73151 100
73164 0
73177 100
73190 0
73203 100
73216 0
73229 100
73242 0
73255 100
73268 0
73281 100
73294 0
73307 100
73320 0
73333 100
73346 0
73359 100
73372 0
73385 100
73398 0
73411 100
73424 0
73437 100
73450 0
73463 100
73476 0
73489 100
73502 0
73515 100
73528 0
73541 100
73554 0
73567 100
73580 0
73593 100
73606 0
73619 100
73632 0
73645 100
73658 0
73671 100
73684 0
73697 100
73710 0
73723 100
73736 0
73749 100
73762 0
73775 100
73788 0
73801 100
73814 0
73827 100
73840 0
73853 100
73866 0
73879 100
73892 0
73905 100
73918 0
73931 100
73944 0
73957 100
73970 0
73983 100
73996 0
74009 100
74022 0
74035 100
74048 0
74061 100
74074 0
74087 100
74100 0
74113 100
74126 0
74139 100
74152 0
74165 100
74178 0
74191 100
74204 0
74217 100
74230 0
74243 100
74256 0
74269 100
74282 0
74295 100
74308 0
74321 100
74334 0
74347 100
74360 0
74373 100
74386 0
74399 100
74412 0
74425 100
74438 0
74451 100
74464 0
74477 100
74490 0
74503 100
74516 0
74529 100
74542 0
74555 100
74568 0
74581 100
74594 0
74607 100
74620 0
74633 100
74646 0
74659 100
74672 0
74685 100
74698 0
74711 100
74724 0
74737 100
74750 0
74763 100
74776 0
74789 100
74802 0
74815 100
74828 0
74841 100
74854 0
74867 100
74880 0
74893 100
74906 0
74919 100
74932 0
74945 100
74958 0
74971 100
74984 0
74997 100
75010 0
75023 100
75036 0
75049 100
75062 0
75075 100
75088 0
75101 100
75114 0
75127 100
75140 0
75153 100
75166 0
75179 100
75192 0
75205 100
75218 0
75231 100
75244 0
75257 100
75270 0
75283 100
75296 0
75309 100
75322 0
75335 100
75348 0
75361 100
75374 0
75387 100
75400 0
75413 100
75426 0
75439 100
75452 0
75465 100
75478 0
75491 100
75504 0
75517 100
75530 0
75543 100
75556 0
75569 100
75582 0
75595 100
75608 0
75621 100
75634 0
75647 100
75660 0
75673 100
75686 0
75699 100
75712 0
75725 100
75738 0
75751 100
75764 0
75777 100
75790 0
75803 100
75816 0
75829 100
75842 0
75855 100
75868 0
75881 100
75894 0
75907 100
75920 0
75933 100
75946 0
75959 100
75972 0
75985 100
75998 0
76011 100
76024 0
76037 100
76050 0
76063 100
76076 0
76089 100
76102 0
76115 100
76128 0
76141 100
76154 0
76167 100
76180 0
76193 100
76206 0
76219 100
76232 0
76245 100
76258 0
76271 100
76284 0
76297 100
76310 0
76323 100
76336 0
76349 100
76362 0
76375 100
76388 0
76401 100
76414 0
76427 100
76440 0
76453 100
76466 0
76479 100
76492 0
76505 100
76518 0
76531 100
76544 0
76557 100
76570 0
76583 100
76596 0
76609 100
76622 0
76635 100
76648 0
76661 100
76674 0
76687 100
76700 0
76713 100
76726 0
76739 100
76752 0
76765 100
76778 0
76791 100
76804 0
76817 100
76830 0
76843 100
76856 0
76869 100
76882 0
76895 100
76908 0
76921 100
76934 0
76947 100
76960 0
76973 100
76986 0
76999 100
77012 0
77025 100
77038 0
77051 100
77064 0
77077 100
77090 0
77103 100
77116 0
77129 100
77142 0
77155 100
77168 0
77181 100
77194 0
77207 100
77220 0
77233 100
77246 0
77259 100
77272 0
77285 100
77298 0
77311 100
77324 0
77337 100
77350 0
77363 100
77376 0
77389 100
77402 0
77415 100
77428 0
77441 100
77454 0
77467 100
77480 0
77493 100
77506 0
77519 100
77532 0
77545 100
77558 0
77571 100
77584 0
77597 100
77610 0
77623 100
77636 0
77649 100
77662 0
77675 100
77688 0
77701 100
77714 0
77727 100
77740 0
77753 100
77766 0
77779 100
77792 0
77805 100
77818 0
77831 100
77844 0
77857 100
77870 0
77883 100
77896 0
77909 100
77922 0
77935 100
77948 0
77961 100
77974 0
77987 100
78000 0
78013 100
78026 0
78039 100
78052 0
78065 100
78078 0
78091 100
78104 0
78117 100
78130 0
78143 100
78156 0
78169 100
78182 0
78195 100
78208 0
78221 100
78234 0
78247 100
78260 0
78273 100
78286 0
78299 100
78312 0
78325 100
78338 0
78351 100
78364 0
78377 100
78390 0
78403 100
78416 0
78429 100
78442 0
78455 100
78468 0
78481 100
78494 0
78507 100
78520 0
78533 100
78546 0
78559 100
78572 0
78585 100
78598 0
78611 100
78624 0
78637 100
78650 0
78663 100
78676 0
78689 100
78702 0
78715 100
78728 0
78741 100
78754 0
78767 100
78780 0
78793 100
78806 0
78819 100
78832 0
78845 100
78858 0
78871 100
78884 0
78897 100
78910 0
78923 100
78936 0
78949 100
78962 0
78975 100
78988 0
79001 100
79014 0
79027 100
79040 0
79053 100
79066 0
79079 100
79092 0
79105 100
79118 0
79131 100
79144 0
79157 100
79170 0
79183 100
79196 0
79209 100
79222 0
79235 100
79248 0
79261 100
79274 0
79287 100
79300 0
79313 100
79326 0
79339 100
79352 0
79365 100
79378 0
79391 100
79404 0
79417 100
79430 0
79443 100
79456 0
79469 100
79482 0
79495 100
79508 0
79521 100
79534 0
79547 100
79560 0
79573 100
79586 0
79599 100
79612 0
79625 100
79638 0
79651 100
79664 0
79677 100
79690 0
79703 100
79716 0
79729 100
79742 0
79755 100
79768 0
79781 100
79794 0
79807 100
79820 0
79833 100
79846 0
79859 100
79872 0
79885 100
79898 0
79911 100
79924 0
79937 100
79950 0
79963 100
79976 0
79989 100
80002 0
80015 100
80028 0
80041 100
80054 0
80067 100
80080 0
80093 100
80106 0
80119 100
80132 0
80145 100
80158 0
80171 100
80184 0
80197 100
80210 0
80223 100
80236 0
80249 100
80262 0
80275 100
80288 0
80301 100
80314 0
80327 100
80340 0
80353 100
80366 0
80379 100
80392 0
80405 100
80418 0
80431 100
80444 0
80457 100
80470 0
80483 100
80496 0
80509 100
80522 0
80535 100
80548 0
80561 100
80574 0
80587 100
80600 0
80613 100
80626 0
80639 100
80652 0
80665 100
80678 0
80691 100
80704 0
80717 100
80730 0
80743 100
80756 0
80769 100
80782 0
80795 100
80808 0
80821 100
80834 0
80847 100
80860 0
80873 100
80886 0
80899 100
80912 0
80925 100
80938 0
80951 100
80964 0
80977 100
80990 0
81003 100
81016 0
81029 100
81042 0
81055 100
81068 0
81081 100
81094 0
81107 100
81120 0
81133 100
81146 0
81159 100
81172 0
81185 100
81198 0
81211 100
81224 0
81237 100
81250 0
81263 100
81276 0
81289 100
81302 0
81315 100
81328 0
81341 100
81354 0
81367 100
81380 0
81393 100
81406 0
81419 100
81432 0
81445 100
81458 0
81471 100
81484 0
81497 100
81510 0
81523 100
81536 0
81549 100
81562 0
81575 100
81588 0
81601 100
81614 0
81627 100
81640 0
81653 100
81666 0
81679 100
81692 0
81705 100
81718 0
81731 100
81744 0
81757 100
81770 0
81783 100
81796 0
81809 100
81822 0
81835 100
81848 0
81861 100
81874 0
81887 100
81900 0
81913 100
81926 0
81939 100
81952 0
81965 100
81978 0
81991 100
82004 0
82017 100
82030 0
82043 100
82056 0
82069 100
82082 0
82095 100
82108 0
82121 100
82134 0
82147 100
82160 0
82173 100
82186 0
82199 100
82212 0
82225 100
82238 0
82251 100
82264 0
82277 100
82290 0
82303 100
82316 0
82329 100
82342 0
82355 100
82368 0
82381 100
82394 0
82407 100
82420 0
82433 100
82446 0
82459 100
82472 0
82485 100
82498 0
82511 100
82524 0
82537 100
82550 0
82563 100
82576 0
82589 100
82602 0
82615 100
82628 0
82641 100
82654 0
82667 100
82680 0
82693 100
82706 0
82719 100
82732 0
82745 100
82758 0
82771 100
82784 0
82797 100
82810 0
82823 100
82836 0
82849 100
82862 0
82875 100
82888 0
82901 100
82914 0
82927 100
82940 0
82953 100
82966 0
82979 100
82992 0
83005 100
83018 0
83031 100
83044 0
83057 100
83070 0
83083 100
83096 0
83109 100
83122 0
83135 100
83148 0
83161 100
83174 0
83187 100
83200 0
83213 100
83226 0
83239 100
83252 0
83265 100
83278 0
83291 100
83304 0
83317 100
83330 0
83343 100
83356 0
83369 100
83382 0
83395 100
83408 0
83421 100
83434 0
83447 100
83460 0
83473 100
83486 0
83499 100
83512 0
83525 100
83538 0
83551 100
83564 0
83577 100
83590 0
83603 100
83616 0
83629 100
83642 0
83655 100
83668 0
83681 100
83694 0
83707 100
83720 0
83733 100
83746 0
83759 100
83772 0
83785 100
83798 0
83811 100
83824 0
83837 100
83850 0
83863 100
83876 0
83889 100
83902 0
83915 100
83928 0
83941 100
83954 0
83967 100
83980 0
83993 100
84006 0
84019 100
84032 0
84045 100
84058 0
84071 100
84084 0
84097 100
84110 0
84123 100
84136 0
84149 100
84162 0
84175 100
84188 0
84201 100
84214 0
84227 100
84240 0
84253 100
84266 0
84279 100
84292 0
84305 100
84318 0
84331 100
84344 0
84357 100
84370 0
84383 100
84396 0
84409 100
84422 0
84435 100
84448 0
84461 100
84474 0
84487 100
84500 0
84513 100
84526 0
84539 100
84552 0
84565 100
84578 0
84591 100
84604 0
84617 100
84630 0
84643 100
84656 0
84669 100
84682 0
84695 100
84708 0
84721 100
84734 0
84747 100
84760 0
84773 100
84786 0
84799 100
84812 0
84825 100
84838 0
84851 100
84864 0
84877 100
84890 0
84903 100
84916 0
84929 100
84942 0
84955 100
84968 0
84981 100
84994 0
85007 100
85020 0
85033 100
85046 0
85059 100
85072 0
85085 100
85098 0
85111 100
85124 0
85137 100
85150 0
85163 100
85176 0
85189 100
85202 0
85215 100
85228 0
85241 100
85254 0
85267 100
85280 0
85293 100
85306 0
85319 100
85332 0
85345 100
85358 0
85371 100
85384 0
85397 100
85410 0
85423 100
85436 0
85449 100
85462 0
85475 100
85488 0
85501 100
85514 0
85527 100
85540 0
85553 100
85566 0
85579 100
85592 0
85605 100
85618 0
85631 100
85644 0
85657 100
85670 0
85683 100
85696 0
85709 100
85722 0
85735 100
85748 0
85761 100
85774 0
85787 100
85800 0
85813 100
85826 0
85839 100
85852 0
85865 100
85878 0
85891 100
85904 0
85917 100
85930 0
85943 100
85956 0
85969 100
85982 0
85995 100
86008 0
86021 100
86034 0
86047 100
86060 0
86073 100
86086 0
86099 100
86112 0
86125 100
86138 0
86151 100
86164 0
86177 100
86190 0
86203 100
86216 0
86229 100
86242 0
86255 100
86268 0
86281 100
86294 0
86307 100
86320 0
86333 100
86346 0
86359 100
86372 0
86385 100
86398 0
86411 100
86424 0
86437 100
86450 0
86463 100
86476 0
86489 100
86502 0
86515 100
86528 0
86541 100
86554 0
86567 100
86580 0
86593 100
86606 0
86619 100
86632 0
86645 100
86658 0
86671 100
86684 0
86697 100
86710 0
86723 100
86736 0
86749 100
86762 0
86775 100
86788 0
86801 100
86814 0
86827 100
86840 0
86853 100
86866 0
86879 100
86892 0
86905 100
86918 0
86931 100
86944 0
86957 100
86970 0
86983 100
86996 0
87009 100
87022 0
87035 100
87048 0
87061 100
87074 0
87087 100
87100 0
87113 100
87126 0
87139 100
87152 0
87165 100
87178 0
87191 100
87204 0
87217 100
87230 0
87243 100
87256 0
87269 100
87282 0
87295 100
87308 0
87321 100
87334 0
87347 100
87360 0
87373 100
87386 0
87399 100
87412 0
87425 100
87438 0
87451 100
87464 0
87477 100
87490 0
87503 100
87516 0
87529 100
87542 0
87555 100
87568 0
87581 100
87594 0
87607 100
87620 0
87633 100
87646 0
87659 100
87672 0
87685 100
87698 0
87711 100
87724 0
87737 100
87750 0
87763 100
87776 0
87789 100
87802 0
87815 100
87828 0
87841 100
87854 0
87867 100
87880 0
87893 100
87906 0
87919 100
87932 0
87945 100
87958 0
87971 100
87984 0
87997 100
88010 0
88023 100
88036 0
88049 100
88062 0
88075 100
88088 0
88101 100
88114 0
88127 100
88140 0
88153 100
88166 0
88179 100
88192 0
88205 100
88218 0
88231 100
88244 0
88257 100
88270 0
88283 100
88296 0
88309 100
88322 0
88335 100
88348 0
88361 100
88374 0
88387 100
88400 0
88413 100
88426 0
88439 100
88452 0
88465 100
88478 0
88491 100
88504 0
88517 100
88530 0
88543 100
88556 0
88569 100
88582 0
88595 100
88608 0
88621 100
88634 0
88647 100
88660 0
88673 100
88686 0
88699 100
88712 0
88725 100
88738 0
88751 100
88764 0
88777 100
88790 0
88803 100
88816 0
88829 100
88842 0
88855 100
88868 0
88881 100
88894 0
88907 100
88920 0
88933 100
88946 0
88959 100
88972 0
88985 100
88998 0
89011 100
89024 0
89037 100
89050 0
89063 100
89076 0
89089 100
89102 0
89115 100
89128 0
89141 100
89154 0
89167 100
89180 0
89193 100
89206 0
89219 100
89232 0
89245 100
89258 0
89271 100
89284 0
89297 100
89310 0
89323 100
89336 0
89349 100
89362 0
89375 100
89388 0
89401 100
89414 0
89427 100
89440 0
89453 100
89466 0
89479 100
89492 0
89505 100
89518 0
89531 100
89544 0
89557 100
89570 0
89583 100
89596 0
89609 100
89622 0
89635 100
89648 0
89661 100
89674 0
89687 100
89700 0
89713 100
89726 0
89739 100
89752 0
89765 100
89778 0
89791 100
89804 0
89817 100
89830 0
89843 100
89856 0
89869 100
89882 0
89895 100
89908 0
89921 100
89934 0
89947 100
89960 0
89973 100
89986 0
89999 100
90012 0
90025 100
90038 0
90051 100
90064 0
90077 100
90090 0
90103 100
90116 0
90129 100
90142 0
90155 100
90168 0
90181 100
90194 0
90207 100
90220 0
90233 100
90246 0
90259 100
90272 0
90285 100
90298 0
90311 100
90324 0
90337 100
90350 0
90363 100
90376 0
90389 100
90402 0
90415 100
90428 0
90441 100
90454 0
90467 100
90480 0
90493 100
90506 0
90519 100
90532 0
90545 100
90558 0
90571 100
90584 0
90597 100
90610 0
90623 100
90636 0
90649 100
90662 0
90675 100
90688 0
90701 100
90714 0
90727 100
90740 0
90753 100
90766 0
90779 100
90792 0
90805 100
90818 0
90831 100
90844 0
90857 100
90870 0
90883 100
90896 0
90909 100
90922 0
90935 100
90948 0
90961 100
90974 0
90987 100
91000 0
91013 100
91026 0
91039 100
91052 0
91065 100
91078 0
91091 100
91104 0
91117 100
91130 0
91143 100
91156 0
91169 100
91182 0
91195 100
91208 0
91221 100
91234 0
91247 100
91260 0
91273 100
91286 0
91299 100
91312 0
91325 100
91338 0
91351 100
91364 0
91377 100
91390 0
91403 100
91416 0
91429 100
91442 0
91455 100
91468 0
91481 100
91494 0
91507 100
91520 0
91533 100
91546 0
91559 100
91572 0
91585 100
91598 0
91611 100
91624 0
91637 100
91650 0
91663 100
91676 0
91689 100
91702 0
91715 100
91728 0
91741 100
91754 0
91767 100
91780 0
91793 100
91806 0
91819 100
91832 0
91845 100
91858 0
91871 100
91884 0
91897 100
91910 0
91923 100
91936 0
91949 100
91962 0
91975 100
91988 0
92001 100
92014 0
92027 100
92040 0
92053 100
92066 0
92079 100
92092 0
92105 100
92118 0
92131 100
92144 0
92157 100
92170 0
92183 100
92196 0
92209 100
92222 0
92235 100
92248 0
92261 100
92274 0
92287 100
92300 0
92313 100
92326 0
92339 100
92352 0
92365 100
92378 0
92391 100
92404 0
92417 100
92430 0
92443 100
92456 0
92469 100
92482 0
92495 100
92508 0
92521 100
92534 0
92547 100
92560 0
92573 100
92586 0
92599 100
92612 0
92625 100
92638 0
92651 100
92664 0
92677 100
92690 0
92703 100
92716 0
92729 100
92742 0
92755 100
92768 0
92781 100
92794 0
92807 100
92820 0
92833 100
92846 0
92859 100
92872 0
92885 100
92898 0
92911 100
92924 0
92937 100
92950 0
92963 100
92976 0
92989 100
93002 0
93015 100
93028 0
93041 100
93054 0
93067 100
93080 0
93093 100
93106 0
93119 100
93132 0
93145 100
93158 0
93171 100
93184 0
93197 100
93210 0
93223 100
93236 0
93249 100
93262 0
93275 100
93288 0
93301 100
93314 0
93327 100
93340 0
93353 100
93366 0
93379 100
93392 0
93405 100
93418 0
93431 100
93444 0
93457 100
93470 0
93483 100
93496 0
93509 100
93522 0
93535 100
93548 0
93561 100
93574 0
93587 100
93600 0
93613 100
93626 0
93639 100
93652 0
93665 100
93678 0
93691 100
93704 0
93717 100
93730 0
93743 100
93756 0
93769 100
93782 0
93795 100
93808 0
93821 100
93834 0
93847 100
93860 0
93873 100
93886 0
93899 100
93912 0
93925 100
93938 0
93951 100
93964 0
93977 100
93990 0
94003 100
94016 0
94029 100
94042 0
94055 100
94068 0
94081 100
94094 0
94107 100
94120 0
94133 100
94146 0
94159 100
94172 0
94185 100
94198 0
94211 100
94224 0
94237 100
94250 0
94263 100
94276 0
94289 100
94302 0
94315 100
94328 0
94341 100
94354 0
94367 100
94380 0
94393 100
94406 0
94419 100
94432 0
94445 100
94458 0
94471 100
94484 0
94497 100
94510 0
94523 100
94536 0
94549 100
94562 0
94575 100
94588 0
94601 100
94614 0
94627 100
94640 0
94653 100
94666 0
94679 100
94692 0
94705 100
94718 0
94731 100
94744 0
94757 100
94770 0
94783 100
94796 0
94809 100
94822 0
94835 100
94848 0
94861 100
94874 0
94887 100
94900 0
94913 100
94926 0
94939 100
94952 0
94965 100
94978 0
94991 100
95004 0
95017 100
95030 0
95043 100
95056 0
95069 100
95082 0
95095 100
95108 0
95121 100
95134 0
95147 100
95160 0
95173 100
95186 0
95199 100
95212 0
95225 100
95238 0
95251 100
95264 0
95277 100
95290 0
95303 100
95316 0
95329 100
95342 0
95355 100
95368 0
95381 100
95394 0
95407 100
95420 0
95433 100
95446 0
95459 100
95472 0
95485 100
95498 0
95511 100
95524 0
95537 100
95550 0
95563 100
95576 0
95589 100
95602 0
95615 100
95628 0
95641 100
95654 0
95667 100
95680 0
95693 100
95706 0
95719 100
95732 0
95745 100
95758 0
95771 100
95784 0
95797 100
95810 0
95823 100
95836 0
95849 100
95862 0
95875 100
95888 0
95901 100
95914 0
95927 100
95940 0
95953 100
95966 0
95979 100
95992 0
96005 100
96018 0
96031 100
96044 0
96057 100
96070 0
96083 100
96096 0
96109 100
96122 0
96135 100
96148 0
96161 100
96174 0
96187 100
96200 0
96213 100
96226 0
96239 100
96252 0
96265 100
96278 0
96291 100
96304 0
96317 100
96330 0
96343 100
96356 0
96369 100
96382 0
96395 100
96408 0
96421 100
96434 0
96447 100
96460 0
96473 100
96486 0
96499 100
96512 0
96525 100
96538 0
96551 100
96564 0
96577 100
96590 0
96603 100
96616 0
96629 100
96642 0
96655 100
96668 0
96681 100
96694 0
96707 100
96720 0
96733 100
96746 0
96759 100
96772 0
96785 100
96798 0
96811 100
96824 0
96837 100
96850 0
96863 100
96876 0
96889 100
96902 0
96915 100
96928 0
96941 100
96954 0
96967 100
96980 0
96993 100
97006 0
97019 100
97032 0
97045 100
97058 0
97071 100
97084 0
97097 100
97110 0
97123 100
97136 0
97149 100
97162 0
97175 100
97188 0
97201 100
97214 0
97227 100
97240 0
97253 100
97266 0
97279 100
97292 0
97305 100
97318 0
97331 100
97344 0
97357 100
97370 0
97383 100
97396 0
97409 100
97422 0
97435 100
97448 0
97461 100
97474 0
97487 100
97500 0
97513 100
97526 0
97539 100
97552 0
97565 100
97578 0
97591 100
97604 0
97617 100
97630 0
97643 100
97656 0
97669 100
97682 0
97695 100
97708 0
97721 100
97734 0
97747 100
97760 0
97773 100
97786 0
97799 100
97812 0
97825 100
97838 0
97851 100
97864 0
97877 100
97890 0
97903 100
97916 0
97929 100
97942 0
97955 100
97968 0
97981 100
97994 0
98007 100
98020 0
98033 100
98046 0
98059 100
98072 0
98085 100
98098 0
98111 100
98124 0
98137 100
98150 0
98163 100
98176 0
98189 100
98202 0
98215 100
98228 0
98241 100
98254 0
98267 100
98280 0
98293 100
98306 0
98319 100
98332 0
98345 100
98358 0
98371 100
98384 0
98397 100
98410 0
98423 100
98436 0
98449 100
98462 0
98475 100
98488 0
98501 100
98514 0
98527 100
98540 0
98553 100
98566 0
98579 100
98592 0
98605 100
98618 0
98631 100
98644 0
98657 100
98670 0
98683 100
98696 0
98709 100
98722 0
98735 100
98748 0
98761 100
98774 0
98787 100
98800 0
98813 100
98826 0
98839 100
98852 0
98865 100
98878 0
98891 100
98904 0
98917 100
98930 0
98943 100
98956 0
98969 100
98982 0
98995 100
99008 0
99021 100
99034 0
99047 100
99060 0
99073 100
99086 0
99099 100
99112 0
99125 100
99138 0
99151 100
99164 0
99177 100
99190 0
99203 100
99216 0
99229 100
99242 0
99255 100
99268 0
99281 100
99294 0
99307 100
99320 0
99333 100
99346 0
99359 100
99372 0
99385 100
99398 0
99411 100
99424 0
99437 100
99450 0
99463 100
99476 0
99489 100
99502 0
99515 100
99528 0
99541 100
99554 0
99567 100
99580 0
99593 100
99606 0
99619 100
99632 0
99645 100
99658 0
99671 100
99684 0
99697 100
99710 0
99723 100
99736 0
99749 100
99762 0
99775 100
99788 0
99801 100
99814 0
99827 100
99840 0
99853 100
99866 0
99879 100
99892 0
99905 100
99918 0
99931 100
99944 0
99957 100
99970 0
99983 100
99996 0
100009 100
100022 0
100035 100
100048 0
100061 100
100074 0
100087 100
100100 0
100113 100
100126 0
100139 100
100152 0
100165 100
100178 0
100191 100
100204 0
100217 100
100230 0
100243 100
100256 0
100269 100
100282 0
100295 100
100308 0
100321 100
100334 0
100347 100
100360 0
100373 100
100386 0
100399 100
100412 0
100425 100
100438 0
100451 100
100464 0
100477 100
100490 0
100503 100
100516 0
100529 100
100542 0
100555 100
100568 0
100581 100
100594 0
100607 100
100620 0
100633 100
100646 0
100659 100
100672 0
100685 100
100698 0
100711 100
100724 0
100737 100
100750 0
100763 100
100776 0
100789 100
100802 0
100815 100
100828 0
100841 100
100854 0
100867 100
100880 0
100893 100
100906 0
100919 100
100932 0
100945 100
100958 0
100971 100
100984 0
100997 100
101010 0
101023 100
101036 0
101049 100
101062 0
101075 100
101088 0
101101 100
101114 0
101127 100
101140 0
101153 100
101166 0
101179 100
101192 0
101205 100
101218 0
101231 100
101244 0
101257 100
101270 0
101283 100
101296 0
101309 100
101322 0
101335 100
101348 0
101361 100
101374 0
101387 100
101400 0
101413 100
101426 0
101439 100
101452 0
101465 100
101478 0
101491 100
101504 0
101517 100
101530 0
101543 100
101556 0
101569 100
101582 0
101595 100
101608 0
101621 100
101634 0
101647 100
101660 0
101673 100
101686 0
101699 100
101712 0
101725 100
101738 0
101751 100
101764 0
101777 100
101790 0
101803 100
101816 0
101829 100
101842 0
101855 100
101868 0
101881 100
101894 0
101907 100
101920 0
101933 100
101946 0
101959 100
101972 0
101985 100
101998 0
102011 100
102024 0
102037 100
102050 0
102063 100
102076 0
102089 100
102102 0
102115 100
102128 0
102141 100
102154 0
102167 100
102180 0
102193 100
102206 0
102219 100
102232 0
102245 100
102258 0
102271 100
102284 0
102297 100
102310 0
102323 100
102336 0
102349 100
102362 0
102375 100
102388 0
102401 100
102414 0
102427 100
102440 0
102453 100
102466 0
102479 100
102492 0
102505 100
102518 0
102531 100
102544 0
102557 100
102570 0
102583 100
102596 0
102609 100
102622 0
102635 100
102648 0
102661 100
102674 0
102687 100
102700 0
102713 100
102726 0
102739 100
102752 0
102765 100
102778 0
102791 100
102804 0
102817 100
102830 0
102843 100
102856 0
102869 100
102882 0
102895 100
102908 0
102921 100
102934 0
102947 100
102960 0
102973 100
102986 0
102999 100
103012 0
103025 100
103038 0
103051 100
103064 0
103077 100
103090 0
103103 100
103116 0
103129 100
103142 0
103155 100
103168 0
103181 100
103194 0
103207 100
103220 0
103233 100
103246 0
103259 100
103272 0
103285 100
103298 0
103311 100
103324 0
103337 100
103350 0
103363 100
103376 0
103389 100
103402 0
103415 100
103428 0
103441 100
103454 0
103467 100
103480 0
103493 100
103506 0
103519 100
103532 0
103545 100
103558 0
103571 100
103584 0
103597 100
103610 0
103623 100
103636 0
103649 100
103662 0
103675 100
103688 0
103701 100
103714 0
103727 100
103740 0
103753 100
103766 0
103779 100
103792 0
103805 100
103818 0
103831 100
103844 0
103857 100
103870 0
103883 100
103896 0
103909 100
103922 0
103935 100
103948 0
103961 100
103974 0
103987 100
104000 0
104013 100
104026 0
104039 100
104052 0
104065 100
104078 0
104091 100
104104 0
104117 100
104130 0
104143 100
104156 0
104169 100
104182 0
104195 100
104208 0
104221 100
104234 0
104247 100
104260 0
104273 100
104286 0
104299 100
104312 0
104325 100
104338 0
104351 100
104364 0
104377 100
104390 0
104403 100
104416 0
104429 100
104442 0
104455 100
104468 0
104481 100
104494 0
104507 100
104520 0
104533 100
104546 0
104559 100
104572 0
104585 100
104598 0
104611 100
104624 0
104637 100
104650 0
104663 100
104676 0
104689 100
104702 0
104715 100
104728 0
104741 100
104754 0
104767 100
104780 0
104793 100
104806 0
104819 100
104832 0
104845 100
104858 0
104871 100
104884 0
104897 100
104910 0
104923 100
104936 0
104949 100
104962 0
104975 100
104988 0
105001 100
105014 0
105027 100
105040 0
105053 100
105066 0
105079 100
105092 0
105105 100
105118 0
105131 100
105144 0
105157 100
105170 0
105183 100
105196 0
105209 100
105222 0
105235 100
105248 0
105261 100
105274 0
105287 100
105300 0
105313 100
105326 0
105339 100
105352 0
105365 100
105378 0
105391 100
105404 0
105417 100
105430 0
105443 100
105456 0
105469 100
105482 0
105495 100
105508 0
105521 100
105534 0
105547 100
105560 0
105573 100
105586 0
105599 100
105612 0
105625 100
105638 0
105651 100
105664 0
105677 100
105690 0
105703 100
105716 0
105729 100
105742 0
105755 100
105768 0
105781 100
105794 0
105807 100
105820 0
105833 100
105846 0
105859 100
105872 0
105885 100
105898 0
105911 100
105924 0
105937 100
105950 0
105963 100
105976 0
105989 100
106002 0
106015 100
106028 0
106041 100
106054 0
106067 100
106080 0
106093 100
106106 0
106119 100
106132 0
106145 100
106158 0
106171 100
106184 0
106197 100
106210 0
106223 100
106236 0
106249 100
106262 0
106275 100
106288 0
106301 100
106314 0
106327 100
106340 0
106353 100
106366 0
106379 100
106392 0
106405 100
106418 0
106431 100
106444 0
106457 100
106470 0
106483 100
106496 0
106509 100
106522 0
106535 100
106548 0
106561 100
106574 0
106587 100
106600 0
106613 100
106626 0
106639 100
106652 0
106665 100
106678 0
106691 100
106704 0
106717 100
106730 0
106743 100
106756 0
106769 100
106782 0
106795 100
106808 0
106821 100
106834 0
106847 100
106860 0
106873 100
106886 0
106899 100
106912 0
106925 100
106938 0
106951 100
106964 0
106977 100
106990 0
107003 100
107016 0
107029 100
107042 0
107055 100
107068 0
107081 100
107094 0
107107 100
107120 0
107133 100
107146 0
107159 100
107172 0
107185 100
107198 0
107211 100
107224 0
107237 100
107250 0
107263 100
107276 0
107289 100
107302 0
107315 100
107328 0
107341 100
107354 0
107367 100
107380 0
107393 100
107406 0
107419 100
107432 0
107445 100
107458 0
107471 100
107484 0
107497 100
107510 0
107523 100
107536 0
107549 100
107562 0
107575 100
107588 0
107601 100
107614 0
107627 100
107640 0
107653 100
107666 0
107679 100
107692 0
107705 100
107718 0
107731 100
107744 0
107757 100
107770 0
107783 100
107796 0
107809 100
107822 0
107835 100
107848 0
107861 100
107874 0
107887 100
107900 0
107913 100
107926 0
107939 100
107952 0
107965 100
107978 0
107991 100
108004 0
108017 100
108030 0
108043 100
108056 0
108069 100
108082 0
108095 100
108108 0
108121 100
108134 0
108147 100
108160 0
108173 100
108186 0
108199 100
108212 0
108225 100
108238 0
108251 100
108264 0
108277 100
108290 0
108303 100
108316 0
108329 100
108342 0
108355 100
108368 0
108381 100
108394 0
108407 100
108420 0
108433 100
108446 0
108459 100
108472 0
108485 100
108498 0
108511 100
108524 0
108537 100
108550 0
108563 100
108576 0
108589 100
108602 0
108615 100
108628 0
108641 100
108654 0
108667 100
108680 0
108693 100
108706 0
108719 100
108732 0
108745 100
108758 0
108771 100
108784 0
108797 100
108810 0
108823 100
108836 0
108849 100
108862 0
108875 100
108888 0
108901 100
108914 0
108927 100
108940 0
108953 100
108966 0
108979 100
108992 0
109005 100
109018 0
109031 100
109044 0
109057 100
109070 0
109083 100
109096 0
109109 100
109122 0
109135 100
109148 0
109161 100
109174 0
109187 100
109200 0
109213 100
109226 0
109239 100
109252 0
109265 100
109278 0
109291 100
109304 0
109317 100
109330 0
109343 100
109356 0
109369 100
109382 0
109395 100
109408 0
109421 100
109434 0
109447 100
109460 0
109473 100
109486 0
109499 100
109512 0
109525 100
109538 0
109551 100
109564 0
109577 100
109590 0
109603 100
109616 0
109629 100
109642 0
109655 100
109668 0
109681 100
109694 0
109707 100
109720 0
109733 100
109746 0
109759 100
109772 0
109785 100
109798 0
109811 100
109824 0
109837 100
109850 0
109863 100
109876 0
109889 100
109902 0
109915 100
109928 0
109941 100
109954 0
109967 100
109980 0
109993 100
110006 0
110019 100
110032 0
110045 100
110058 0
110071 100
110084 0
110097 100
110110 0
110123 100
110136 0
110149 100
110162 0
110175 100
110188 0
110201 100
110214 0
110227 100
110240 0
110253 100
110266 0
110279 100
110292 0
110305 100
110318 0
110331 100
110344 0
110357 100
110370 0
110383 100
110396 0
110409 100
110422 0
110435 100
110448 0
110461 100
110474 0
110487 100
110500 0
110513 100
110526 0
110539 100
110552 0
110565 100
110578 0
110591 100
110604 0
110617 100
110630 0
110643 100
110656 0
110669 100
110682 0
110695 100
110708 0
110721 100
110734 0
110747 100
110760 0
110773 100
110786 0
110799 100
110812 0
110825 100
110838 0
110851 100
110864 0
110877 100
110890 0
110903 100
110916 0
110929 100
110942 0
110955 100
110968 0
110981 100
110994 0
111007 100
111020 0
111033 100
111046 0
111059 100
111072 0
111085 100
111098 0
111111 100
111124 0
111137 100
111150 0
111163 100
111176 0
111189 100
111202 0
111215 100
111228 0
111241 100
111254 0
111267 100
111280 0
111293 100
111306 0
111319 100
111332 0
111345 100
111358 0
111371 100
111384 0
111397 100
111410 0
111423 100
111436 0
111449 100
111462 0
111475 100
111488 0
111501 100
111514 0
111527 100
111540 0
111553 100
111566 0
111579 100
111592 0
111605 100
111618 0
111631 100
111644 0
111657 100
111670 0
111683 100
111696 0
111709 100
111722 0
111735 100
111748 0
111761 100
111774 0
111787 100
111800 0
111813 100
111826 0
111839 100
111852 0
111865 100
111878 0
111891 100
111904 0
111917 100
111930 0
111943 100
111956 0
111969 100
111982 0
111995 100
112008 0
112021 100
112034 0
112047 100
112060 0
112073 100
112086 0
112099 100
112112 0
112125 100
112138 0
112151 100
112164 0
112177 100
112190 0
112203 100
112216 0
112229 100
112242 0
112255 100
112268 0
112281 100
112294 0
112307 100
112320 0
112333 100
112346 0
112359 100
112372 0
112385 100
112398 0
112411 100
112424 0
112437 100
112450 0
112463 100
112476 0
112489 100
112502 0
112515 100
112528 0
112541 100
112554 0
112567 100
112580 0
112593 100
112606 0
112619 100
112632 0
112645 100
112658 0
112671 100
112684 0
112697 100
112710 0
112723 100
112736 0
112749 100
112762 0
112775 100
112788 0
112801 100
112814 0
112827 100
112840 0
112853 100
112866 0
112879 100
112892 0
112905 100
112918 0
112931 100
112944 0
112957 100
112970 0
112983 100
112996 0
113009 100
113022 0
113035 100
113048 0
113061 100
113074 0
113087 100
113100 0
113113 100
113126 0
113139 100
113152 0
113165 100
113178 0
113191 100
113204 0
113217 100
113230 0
113243 100
113256 0
113269 100
113282 0
113295 100
113308 0
113321 100
113334 0
113347 100
113360 0
113373 100
113386 0
113399 100
113412 0
113425 100
113438 0
113451 100
113464 0
113477 100
113490 0
113503 100
113516 0
113529 100
113542 0
113555 100
113568 0
113581 100
113594 0
113607 100
113620 0
113633 100
113646 0
113659 100
113672 0
113685 100
113698 0
113711 100
113724 0
113737 100
113750 0
113763 100
113776 0
113789 100
113802 0
113815 100
113828 0
113841 100
113854 0
113867 100
113880 0
113893 100
113906 0
113919 100
113932 0
113945 100
113958 0
113971 100
113984 0
113997 100
114010 0
114023 100
114036 0
114049 100
114062 0
114075 100
114088 0
114101 100
114114 0
114127 100
114140 0
114153 100
114166 0
114179 100
114192 0
114205 100
114218 0
114231 100
114244 0
114257 100
114270 0
114283 100
114296 0
114309 100
114322 0
114335 100
114348 0
114361 100
114374 0
114387 100
114400 0
114413 100
114426 0
114439 100
114452 0
114465 100
114478 0
114491 100
114504 0
114517 100
114530 0
114543 100
114556 0
114569 100
114582 0
114595 100
114608 0
114621 100
114634 0
114647 100
114660 0
114673 100
114686 0
114699 100
114712 0
114725 100
114738 0
114751 100
114764 0
114777 100
114790 0
114803 100
114816 0
114829 100
114842 0
114855 100
114868 0
114881 100
114894 0
114907 100
114920 0
114933 100
114946 0
114959 100
114972 0
114985 100
114998 0
115011 100
115024 0
115037 100
115050 0
115063 100
115076 0
115089 100
115102 0
115115 100
115128 0
115141 100
115154 0
115167 100
115180 0
115193 100
115206 0
115219 100
115232 0
115245 100
115258 0
115271 100
115284 0
115297 100
115310 0
115323 100
115336 0
115349 100
115362 0
115375 100
115388 0
115401 100
115414 0
115427 100
115440 0
115453 100
115466 0
115479 100
115492 0
115505 100
115518 0
115531 100
115544 0
115557 100
115570 0
115583 100
115596 0
115609 100
115622 0
115635 100
115648 0
115661 100
115674 0
115687 100
115700 0
115713 100
115726 0
115739 100
115752 0
115765 100
115778 0
115791 100
115804 0
115817 100
115830 0
115843 100
115856 0
115869 100
115882 0
115895 100
115908 0
115921 100
115934 0
115947 100
115960 0
115973 100
115986 0
115999 100
116012 0
116025 100
116038 0
116051 100
116064 0
116077 100
116090 0
116103 100
116116 0
116129 100
116142 0
116155 100
116168 0
116181 100
116194 0
116207 100
116220 0
116233 100
116246 0
116259 100
116272 0
116285 100
116298 0
116311 100
116324 0
116337 100
116350 0
116363 100
116376 0
116389 100
116402 0
116415 100
116428 0
116441 100
116454 0
116467 100
116480 0
116493 100
116506 0
116519 100
116532 0
116545 100
116558 0
116571 100
116584 0
116597 100
116610 0
116623 100
116636 0
116649 100
116662 0
116675 100
116688 0
116701 100
116714 0
116727 100
116740 0
116753 100
116766 0
116779 100
116792 0
116805 100
116818 0
116831 100
116844 0
116857 100
116870 0
116883 100
116896 0
116909 100
116922 0
116935 100
116948 0
116961 100
116974 0
116987 100
117000 0
117013 100
117026 0
117039 100
117052 0
117065 100
117078 0
117091 100
117104 0
117117 100
117130 0
117143 100
117156 0
117169 100
117182 0
117195 100
117208 0
117221 100
117234 0
117247 100
117260 0
117273 100
117286 0
117299 100
117312 0
117325 100
117338 0
117351 100
117364 0
117377 100
117390 0
117403 100
117416 0
117429 100
117442 0
117455 100
117468 0
117481 100
117494 0
117507 100
117520 0
117533 100
117546 0
117559 100
117572 0
117585 100
117598 0
117611 100
117624 0
117637 100
117650 0
117663 100
117676 0
117689 100
117702 0
117715 100
117728 0
117741 100
117754 0
117767 100
117780 0
117793 100
117806 0
117819 100
117832 0
117845 100
117858 0
117871 100
117884 0
117897 100
117910 0
117923 100
117936 0
117949 100
117962 0
117975 100
117988 0
118001 100
118014 0
118027 100
118040 0
118053 100
118066 0
118079 100
118092 0
118105 100
118118 0
118131 100
118144 0
118157 100
118170 0
118183 100
118196 0
118209 100
118222 0
118235 100
118248 0
118261 100
118274 0
118287 100
118300 0
118313 100
118326 0
118339 100
118352 0
118365 100
118378 0
118391 100
118404 0
118417 100
118430 0
118443 100
118456 0
118469 100
118482 0
118495 100
118508 0
118521 100
118534 0
118547 100
118560 0
118573 100
118586 0
118599 100
118612 0
118625 100
118638 0
118651 100
118664 0
118677 100
118690 0
118703 100
118716 0
118729 100
118742 0
118755 100
118768 0
118781 100
118794 0
118807 100
118820 0
118833 100
118846 0
118859 100
118872 0
118885 100
118898 0
118911 100
118924 0
118937 100
118950 0
118963 100
118976 0
118989 100
119002 0
119015 100
119028 0
119041 100
119054 0
119067 100
119080 0
119093 100
119106 0
119119 100
119132 0
119145 100
119158 0
119171 100
119184 0
119197 100
119210 0
119223 100
119236 0
119249 100
119262 0
119275 100
119288 0
119301 100
119314 0
119327 100
119340 0
119353 100
119366 0
119379 100
119392 0
119405 100
119418 0
119431 100
119444 0
119457 100
119470 0
119483 100
119496 0
119509 100
119522 0
119535 100
119548 0
119561 100
119574 0
119587 100
119600 0
119613 100
119626 0
119639 100
119652 0
119665 100
119678 0
119691 100
119704 0
119717 100
119730 0
119743 100
119756 0
119769 100
119782 0
119795 100
119808 0
119821 100
119834 0
119847 100
119860 0
119873 100
119886 0
119899 100
119912 0
119925 100
119938 0
119951 100
119964 0
119977 100
119990 0
120003 100
120016 0
120029 100
120042 0
120055 100
120068 0
120081 100
120094 0
120107 100
120120 0
120133 100
120146 0
120159 100
120172 0
120185 100
120198 0
120211 100
120224 0
120237 100
120250 0
120263 100
120276 0
120289 100
120302 0
120315 100
120328 0
120341 100
120354 0
120367 100
120380 0
120393 100
120406 0
120419 100
120432 0
120445 100
120458 0
120471 100
120484 0
120497 100
120510 0
120523 100
120536 0
120549 100
120562 0
120575 100
120588 0
120601 100
120614 0
120627 100
120640 0
120653 100
120666 0
120679 100
120692 0
120705 100
120718 0
120731 100
120744 0
120757 100
120770 0
120783 100
120796 0
120809 100
120822 0
120835 100
120848 0
120861 100
120874 0
120887 100
120900 0
120913 100
120926 0
120939 100
120952 0
120965 100
120978 0
120991 100
121004 0
121017 100
121030 0
121043 100
121056 0
121069 100
121082 0
121095 100
121108 0
121121 100
121134 0
121147 100
121160 0
121173 100
121186 0
121199 100
121212 0
121225 100
121238 0
121251 100
121264 0
121277 100
121290 0
121303 100
121316 0
121329 100
121342 0
121355 100
121368 0
121381 100
121394 0
121407 100
121420 0
121433 100
121446 0
121459 100
121472 0
121485 100
121498 0
121511 100
121524 0
121537 100
121550 0
121563 100
121576 0
121589 100
121602 0
121615 100
121628 0
121641 100
121654 0
121667 100
121680 0
121693 100
121706 0
121719 100
121732 0
121745 100
121758 0
121771 100
121784 0
121797 100
121810 0
121823 100
121836 0
121849 100
121862 0
121875 100
121888 0
121901 100
121914 0
121927 100
121940 0
121953 100
121966 0
121979 100
121992 0
122005 100
122018 0
122031 100
122044 0
122057 100
122070 0
122083 100
122096 0
122109 100
122122 0
122135 100
122148 0
122161 100
122174 0
122187 100
122200 0
122213 100
122226 0
122239 100
122252 0
122265 100
122278 0
122291 100
122304 0
122317 100
122330 0
122343 100
122356 0
122369 100
122382 0
122395 100
122408 0
122421 100
122434 0
122447 100
122460 0
122473 100
122486 0
122499 100
122512 0
122525 100
122538 0
122551 100
122564 0
122577 100
122590 0
122603 100
122616 0
122629 100
122642 0
122655 100
122668 0
122681 100
122694 0
122707 100
122720 0
122733 100
122746 0
122759 100
122772 0
122785 100
122798 0
122811 100
122824 0
122837 100
122850 0
122863 100
122876 0
122889 100
122902 0
122915 100
122928 0
122941 100
122954 0
122967 100
122980 0
122993 100
123006 0
123019 100
123032 0
123045 100
123058 0
123071 100
123084 0
123097 100
123110 0
123123 100
123136 0
123149 100
123162 0
123175 100
123188 0
123201 100
123214 0
123227 100
123240 0
123253 100
123266 0
123279 100
123292 0
123305 100
123318 0
123331 100
123344 0
123357 100
123370 0
123383 100
123396 0
123409 100
123422 0
123435 100
123448 0
123461 100
123474 0
123487 100
123500 0
123513 100
123526 0
123539 100
123552 0
123565 100
123578 0
123591 100
123604 0
123617 100
123630 0
123643 100
123656 0
123669 100
123682 0
123695 100
123708 0
123721 100
123734 0
123747 100
123760 0
123773 100
123786 0
123799 100
123812 0
123825 100
123838 0
123851 100
123864 0
123877 100
123890 0
123903 100
123916 0
123929 100
123942 0
123955 100
123968 0
123981 100
123994 0
124007 100
124020 0
124033 100
124046 0
124059 100
124072 0
124085 100
124098 0
124111 100
124124 0
124137 100
124150 0
124163 100
124176 0
124189 100
124202 0
124215 100
124228 0
124241 100
124254 0
124267 100
124280 0
124293 100
124306 0
124319 100
124332 0
124345 100
124358 0
124371 100
124384 0
124397 100
124410 0
124423 100
124436 0
124449 100
124462 0
124475 100
124488 0
124501 100
124514 0
124527 100
124540 0
124553 100
124566 0
124579 100
124592 0
124605 100
124618 0
124631 100
124644 0
124657 100
124670 0
124683 100
124696 0
124709 100
124722 0
124735 100
124748 0
124761 100
124774 0
124787 100
124800 0
124813 100
124826 0
124839 100
124852 0
124865 100
124878 0
124891 100
124904 0
124917 100
124930 0
124943 100
124956 0
124969 100
124982 0
124995 100
125008 0
125021 100
125034 0
125047 100
125060 0
125073 100
125086 0
125099 100
125112 0
125125 100
125138 0
125151 100
125164 0
125177 100
125190 0
125203 100
125216 0
125229 100
125242 0
125255 100
125268 0
125281 100
125294 0
125307 100
125320 0
125333 100
125346 0
125359 100
125372 0
125385 100
125398 0
125411 100
125424 0
125437 100
125450 0
125463 100
125476 0
125489 100
125502 0
125515 100
125528 0
125541 100
125554 0
125567 100
125580 0
125593 100
125606 0
125619 100
125632 0
125645 100
125658 0
125671 100
125684 0
125697 100
125710 0
125723 100
125736 0
125749 100
125762 0
125775 100
125788 0
125801 100
125814 0
125827 100
125840 0
125853 100
125866 0
125879 100
125892 0
125905 100
125918 0
125931 100
125944 0
125957 100
125970 0
125983 100
125996 0
126009 100
126022 0
126035 100
126048 0
126061 100
126074 0
126087 100
126100 0
126113 100
126126 0
126139 100
126152 0
126165 100
126178 0
126191 100
126204 0
126217 100
126230 0
126243 100
126256 0
126269 100
126282 0
126295 100
126308 0
126321 100
126334 0
126347 100
126360 0
126373 100
126386 0
126399 100
126412 0
126425 100
126438 0
126451 100
126464 0
126477 100
126490 0
126503 100
126516 0
126529 100
126542 0
126555 100
126568 0
126581 100
126594 0
126607 100
126620 0
126633 100
126646 0
126659 100
126672 0
126685 100
126698 0
126711 100
126724 0
126737 100
126750 0
126763 100
126776 0
126789 100
126802 0
126815 100
126828 0
126841 100
126854 0
126867 100
126880 0
126893 100
126906 0
126919 100
126932 0
126945 100
126958 0
126971 100
126984 0
126997 100
127010 0
127023 100
127036 0
127049 100
127062 0
127075 100
127088 0
127101 100
127114 0
127127 100
127140 0
127153 100
127166 0
127179 100
127192 0
127205 100
127218 0
127231 100
127244 0
127257 100
127270 0
127283 100
127296 0
127309 100
127322 0
127335 100
127348 0
127361 100
127374 0
127387 100
127400 0
127413 100
127426 0
127439 100
127452 0
127465 100
127478 0
127491 100
127504 0
127517 100
127530 0
127543 100
127556 0
127569 100
127582 0
127595 100
127608 0
127621 100
127634 0
127647 100
127660 0
127673 100
127686 0
127699 100
127712 0
127725 100
127738 0
127751 100
127764 0
127777 100
127790 0
127803 100
127816 0
127829 100
127842 0
127855 100
127868 0
127881 100
127894 0
127907 100
127920 0
127933 100
127946 0
127959 100
127972 0
127985 100
127998 0
128011 100
128024 0
128037 100
128050 0
128063 100
128076 0
128089 100
128102 0
128115 100
128128 0
128141 100
128154 0
128167 100
128180 0
128193 100
128206 0
128219 100
128232 0
128245 100
128258 0
128271 100
128284 0
128297 100
128310 0
128323 100
128336 0
128349 100
128362 0
128375 100
128388 0
128401 100
128414 0
128427 100
128440 0
128453 100
128466 0
128479 100
128492 0
128505 100
128518 0
128531 100
128544 0
128557 100
128570 0
128583 100
128596 0
128609 100
128622 0
128635 100
128648 0
128661 100
128674 0
128687 100
128700 0
128713 100
128726 0
128739 100
128752 0
128765 100
128778 0
128791 100
128804 0
128817 100
128830 0
128843 100
128856 0
128869 100
128882 0
128895 100
128908 0
128921 100
128934 0
128947 100
128960 0
128973 100
128986 0
128999 100
129012 0
129025 100
129038 0
129051 100
129064 0
129077 100
129090 0
129103 100
129116 0
129129 100
129142 0
129155 100
129168 0
129181 100
129194 0
129207 100
129220 0
129233 100
129246 0
129259 100
129272 0
129285 100
129298 0
129311 100
129324 0
129337 100
129350 0
129363 100
129376 0
129389 100
129402 0
129415 100
129428 0
129441 100
129454 0
129467 100
129480 0
129493 100
129506 0
129519 100
129532 0
129545 100
129558 0
129571 100
129584 0
129597 100
129610 0
129623 100
129636 0
129649 100
129662 0
129675 100
129688 0
129701 100
129714 0
129727 100
129740 0
129753 100
129766 0
129779 100
129792 0
129805 100
129818 0
129831 100
129844 0
129857 100
129870 0
129883 100
129896 0
129909 100
129922 0
129935 100
129948 0
129961 100
129974 0
129987 100
