220
001
010
011
012
013
014
015
016
017
018
019
020
021
023
024
025
026
027
028
029
030
031
034
035
036
037
038
039
040
041
045
046
047
048
049
050
051
056
057
058
059
060
061
067
068
069
070
071
078
079
080
081
089
090
091
101
120
121
123
124
125
126
127
128
129
130
131
134
135
136
137
138
139
140
141
145
146
147
148
149
150
151
156
157
158
159
160
161
167
168
169
170
171
178
179
180
181
189
190
191
201
230
231
234
235
236
237
238
239
240
241
245
246
247
248
249
250
251
256
257
258
259
260
261
267
268
269
270
271
278
279
280
281
289
290
291
301
340
341
345
346
347
348
349
350
351
356
357
358
359
360
361
367
368
369
370
371
378
379
380
381
389
390
391
401
450
451
456
457
458
459
460
461
467
468
469
470
471
478
479
480
481
489
490
491
501
560
561
567
568
569
570
571
578
579
580
581
589
590
591
601
670
671
678
679
680
681
689
690
691
701
780
781
789
790
791
801
890
891
901
