2 3 24 9
593503 313147
7 203069 283373 457419 593503 391186 169542 313147
11 203069 283373 457419 593503 391186 169542 313147 436858 768277 10664 860016
11 203069 283373 457419 593503 391186 169542 896678 436858 768277 10664 860016
436858 768277
768277 10664
10664 860016
436858 865292
768277 841848
865292 841848
10664 313147
841848 313147
860016 896678
313147 896678
865292 386308
841848 977048
386308 977048
313147 203069
977048 203069
896678 283373
203069 283373
386308 593503
977048 457419
593503 457419
203069 169542
457419 169542
283373 391186
169542 391186
